100
97 586 -292 352 -985 -681 -404 -957 -400 542 357 161 802 -322 -597 398 959 779 -975 867 -309 -775 999 548 754 -150 381 -114 -728 -486 488 342 55 842 361 -806 612 81 30 74 -650 -382 -64 206 -813 887 567 -742 -199 -312 139 456 -195 653 894 142 -83 432 246 985 -623 -611 -232 466 -427 147 -625 -848 -909 -107 -85 -18 -284 388 -233 526 751 444 -544 703 -981 -300 142 911 -704 683 510 -673 780 -2 -47 355 192 -891 17 -470 -713 -695 483 -992
-347 51 -852 345 -283 904 -623 686 -404 -469 286 348 -856 -557 -444 -551 181 880 -958 -154 -207 212 840 265 814 -674 518 -610 834 -964 -461 -930 -573 -864 -290 722 -24 -198 -518 967 -603 -50 -694 246 475 -204 73 642 890 -384 -118 -118 762 847 -707 -682 -991 -282 -671 -594 -610 260 -904 115 -388 638 204 755 -321 964 -613 620 542 -636 -699 -894 -970 -363 -812 277 -343 -610 -338 872 -377 263 -630 -927 -196 147 -877 336 -728 592 99 -953 -869 286 487 -977
414 107 -220 -963 617 -825 768 -213 -857 447 133 276 409 138 -372 476 998 -511 -676 -787 -750 127 456 -142 -151 990 738 30 816 113 -250 754 -765 -573 838 465 -752 -433 -992 934 610 -63 626 -628 -464 67 408 779 468 585 927 -116 -684 -806 -972 898 265 -118 -152 -752 800 -573 -4 72 540 808 -795 871 307 466 -468 456 -622 953 -81 -118 317 -579 366 -217 178 -573 976 273 784 -130 518 816 -344 35 -176 485 156 -583 526 -537 -644 -280 -573 776
869 803 475 -134 380 -777 226 265 -554 -898 25 -804 -956 272 -591 -840 -227 87 643 178 -880 -415 -599 -390 -543 -458 775 358 495 -171 207 -847 -639 295 -127 -992 26 238 403 -990 165 852 618 -669 233 221 90 171 963 419 69 -167 178 734 910 512 -996 -3 -441 -879 -552 -124 313 971 887 656 -939 384 725 -238 -416 -743 -545 -784 484 -519 365 -54 536 491 501 -4 316 -406 405 383 955 -11 531 -40 -217 -2 272 -36 -905 -527 -236 -576 99 335
417 378 205 -92 -444 -614 -499 361 334 290 577 -690 -64 -313 -162 -84 -468 673 -724 -203 747 -341 439 -105 -314 405 780 -742 -760 591 258 426 338 10 -858 -767 840 467 93 -205 -206 -516 -291 -105 -43 -925 -695 356 891 752 -472 492 74 -408 -289 733 -636 -781 294 520 483 -901 -214 -617 -625 189 -226 -896 338 893 -390 572 129 -294 -599 -850 -691 793 -410 -407 -805 -352 -408 240 -486 862 225 310 -89 626 -212 272 44 367 19 -146 -325 -309 -371 355
347 -202 -625 12 -50 -375 213 -278 -988 -64 -746 -816 290 993 -591 -83 -522 -498 833 -949 -731 522 387 655 72 -23 -841 91 -98 169 83 630 916 857 312 281 326 787 -683 186 -218 795 -538 462 85 506 -788 -267 64 970 596 -203 -979 718 881 576 62 -866 -721 526 1 -730 478 -162 -6 699 -974 -782 595 24 181 193 532 991 236 -124 -150 -444 -439 -716 15 -772 873 204 169 305 -458 -570 -104 -824 -576 -406 -622 565 334 868 -171 770 -70 -135
627 10 -382 -620 375 -691 332 -712 355 820 132 -51 772 -628 818 -889 -17 972 -950 -728 -373 806 413 477 -391 -276 -338 -819 -715 832 -624 -35 306 824 284 -685 -8 -829 439 -479 856 339 -129 -15 -523 765 420 5 250 -901 597 804 -327 881 998 -247 212 -554 -35 -382 -549 447 -11 -156 -360 -757 -264 -461 -475 -947 442 -266 13 -104 429 -414 -312 -472 296 -754 629 -455 -303 -123 983 -465 -46 -659 731 -814 -697 487 -290 472 749 -838 678 863 -910 85
-923 -552 370 -167 38 55 640 -904 378 105 -571 778 509 -884 -104 -856 -873 -587 28 -943 -430 119 552 -608 -564 241 687 -888 -371 829 887 146 -36 -98 -660 -982 -79 -975 588 -756 -310 661 -487 148 703 -909 -575 119 -890 -990 -596 -372 370 286 -455 -940 913 239 824 -6 314 508 335 -232 629 -353 -404 -154 -617 -847 978 -988 387 721 -366 -203 -742 745 11 -909 -307 -990 -779 481 945 41 844 -866 635 367 -734 -172 -570 -721 -972 457 706 792 -939 519
865 697 -406 777 169 453 256 541 432 -608 675 968 -286 710 994 -912 -702 -632 -617 171 -532 -113 583 -420 134 397 -937 278 109 989 -132 -246 -820 163 -731 -222 745 -509 -173 940 363 -175 245 -57 -484 218 -607 470 735 128 92 900 110 624 -88 -52 753 -876 -548 -113 -416 274 -224 672 -758 650 -362 688 -125 -871 -946 -865 -406 -663 911 947 781 -275 658 923 635 215 -191 -563 209 21 -371 -535 985 -933 -12 -615 536 666 -553 -275 101 839 -69 650
-871 -452 455 -24 -110 493 446 -860 997 860 694 -467 -583 -905 197 520 5 -517 287 -830 -398 -331 102 -580 -862 -226 631 -448 765 656 -689 411 -143 -823 581 149 -927 -886 -68 -970 -568 887 -470 922 -29 -790 -299 832 437 -832 -795 970 700 102 549 143 489 -797 -481 319 -249 753 -500 -734 -432 -14 208 -443 66 343 539 43 -646 -832 -642 894 692 322 950 478 -308 -52 798 -161 803 776 -535 -396 357 788 -525 -556 17 934 848 451 693 -297 -732 636
-90 -561 -74 -635 -565 -904 655 -27 662 487 831 -11 -719 318 146 204 -734 -743 499 120 354 775 -210 -991 359 370 -815 -390 378 -813 -555 -384 835 737 -195 164 662 -149 996 321 -787 349 -366 873 -475 -658 877 361 -208 693 -71 -286 78 371 581 939 -923 -515 432 178 -870 854 -894 918 60 -557 -430 -732 -736 240 798 868 -503 -917 283 -705 -211 -701 59 -836 662 27 622 -715 59 896 30 -457 -290 -474 368 640 50 -599 480 -806 261 -473 -203 -127
-286 743 -201 989 -983 477 711 415 285 398 301 404 -14 -914 608 -640 927 5 645 -679 219 -981 341 654 893 -379 389 -653 -383 565 -550 -252 -114 -830 230 131 -718 -46 -627 -210 206 -387 47 712 -635 -334 128 352 -151 -447 -662 -644 -684 640 912 240 -208 345 548 -622 604 970 -568 79 -676 -861 -454 -447 -516 -906 -487 -943 -906 -642 324 -681 744 -571 -644 -57 -76 790 -126 -936 -320 767 125 410 161 -365 -688 320 654 428 -417 -340 464 544 785 -18
-895 -602 265 -412 -705 -503 -9 380 -691 -937 825 -939 -345 -284 864 438 -312 210 54 -309 -43 -998 -961 -852 -893 341 427 874 -918 60 -588 429 -506 931 369 978 777 -439 205 737 779 617 -437 279 -221 -177 -320 -936 888 -42 480 -616 -612 -665 260 -732 610 -602 467 -458 -626 -754 535 -735 40 -588 -488 766 669 -933 45 -941 398 -720 857 -10 783 318 790 -440 386 -624 814 -45 185 742 -328 -894 613 295 186 414 -205 -736 663 -140 915 -729 -85 98
181 -868 76 -700 883 151 -997 540 870 -585 518 385 -289 -463 993 -945 -858 -585 -596 -815 -246 -651 -113 815 559 -699 -894 656 73 -119 -931 622 -313 -504 440 284 18 -155 -463 605 98 -872 115 234 -789 463 649 -378 546 716 -925 -962 -349 -436 -668 -318 -410 287 984 -604 -574 745 456 728 651 -551 727 630 -668 -606 -519 -480 819 598 639 884 -456 78 -690 518 -258 -579 784 792 74 -470 32 -597 -180 870 -674 -125 191 -458 6 708 379 -780 -376 962
-568 45 352 -684 -833 -782 571 397 -915 905 -682 -942 -215 680 37 -882 -294 511 -804 -851 981 -651 -784 -437 -705 858 -414 -726 -456 84 -685 -986 658 -805 674 -49 -966 521 950 400 -916 -445 905 576 -91 -812 -878 55 788 -412 533 -620 541 -247 -536 -747 -490 663 -525 -483 386 -78 463 -509 -343 434 402 100 -787 840 -52 -426 -119 -704 -855 439 677 586 -304 836 -484 718 453 -184 629 494 -371 574 480 850 985 -711 620 436 -219 -590 -349 -800 607 540
-488 604 690 -188 858 -635 -887 432 128 -113 -952 -569 -712 -5 477 682 -819 -71 999 -5 217 -777 327 322 -500 -387 -181 588 -762 -213 -575 942 -41 428 -755 -206 -208 522 355 -875 796 485 824 308 682 569 -869 -494 690 308 -67 -209 945 -827 627 -196 -98 -217 982 -579 -247 -852 629 185 797 -55 -316 926 -333 -517 8 -230 -849 -212 157 307 362 -442 -726 -76 -868 -35 759 289 814 860 -763 -158 -277 439 540 -38 -571 488 -18 229 -792 -388 -155 774
739 471 95 -711 790 -77 356 -947 -784 631 373 192 627 -204 -724 319 476 887 41 97 917 475 -194 564 550 697 966 48 -153 569 -881 228 975 -165 -275 230 -283 694 -894 164 -55 459 283 395 989 826 -174 -33 -555 299 510 -547 -156 10 6 640 513 733 242 74 84 850 -271 -547 -38 -159 306 -739 950 -316 -907 487 -646 207 -89 917 -357 157 -788 920 229 -991 373 -173 -30 1 938 -928 -841 -300 -743 687 143 907 122 720 512 -345 -815 -959
336 -739 349 527 -55 -876 -809 130 72 431 677 568 544 -936 -809 31 -535 -897 -62 -335 53 945 -896 -176 965 101 -145 987 985 -716 -102 789 623 -547 -264 -350 -163 -455 -202 635 455 369 756 -557 -243 501 166 -165 -817 419 -954 604 288 -699 -228 377 -316 -688 -353 -358 487 993 -454 -580 441 96 -793 -82 -416 -464 199 167 -994 169 402 -30 -370 -903 995 207 -288 45 -898 -158 330 452 743 -175 827 494 -124 750 796 -174 587 -552 136 538 847 21
-879 -338 -983 -892 -244 663 -258 -407 176 -535 -229 78 3 -98 -872 -641 601 -498 -28 768 606 -536 -320 373 -229 -298 850 828 863 242 -971 596 -629 -391 913 221 793 167 160 -385 756 -468 532 -570 -14 -288 -82 619 -393 407 -389 -171 -114 -730 -280 496 270 358 -63 -188 959 -587 -927 486 411 530 -969 -354 -60 -408 767 268 -711 473 -107 -543 944 246 397 -959 974 -39 655 343 -562 749 -978 -404 856 -486 755 -681 -105 385 -435 -220 968 793 -70 439
52 -358 469 176 631 597 114 -210 827 -523 -401 -239 469 129 632 147 609 -977 -534 -306 520 780 -596 733 -690 38 921 -442 -43 -506 -506 -277 386 -981 -953 245 452 -28 -266 -520 -106 -205 943 382 -601 482 195 -244 42 184 57 -847 -499 623 974 -113 -199 -393 57 -500 448 927 -470 -801 567 308 451 901 273 -370 -174 -687 -101 885 -371 579 -244 110 -317 -962 -327 -476 194 -491 24 -971 -735 492 -899 387 -711 -177 566 600 269 250 -174 391 -823 243
816 -549 963 473 -58 698 825 -501 337 923 800 523 -146 -762 -943 -215 -634 -750 -554 819 -127 -68 -140 -101 -260 185 325 -438 836 -95 -739 -752 1000 -532 -597 -945 -671 339 81 281 -518 -977 -879 869 -299 -711 -140 -802 431 98 520 729 797 -454 -248 -458 595 -389 641 -512 -445 -755 -814 124 325 -333 115 274 -583 -542 515 782 877 -361 -191 725 890 244 804 -318 -947 135 -35 -829 538 384 289 -286 171 -597 -544 692 -586 -352 -736 -971 -172 -244 -159 271
293 916 -10 845 815 -175 869 -629 -165 -83 -794 852 245 -123 -929 -952 -174 -93 875 -316 703 -292 164 -493 -539 105 -610 -581 -764 -157 -721 660 -758 566 198 71 -743 668 54 132 -266 736 -758 -381 818 -816 691 119 854 -910 -145 -864 930 186 -691 -682 767 175 954 53 889 -336 -211 747 459 -329 25 -468 -672 -41 199 403 454 -272 776 -151 38 255 -545 526 -656 247 624 -738 -252 -641 755 242 -116 -480 -443 121 504 -548 136 -430 756 -989 130 -864
-283 431 707 -437 -263 580 920 -824 -878 440 254 223 400 215 290 647 -961 -466 -744 -545 53 987 996 -337 -663 -217 -790 -582 -421 -701 29 913 992 642 -329 -323 338 -336 170 -660 811 731 422 -264 303 -162 68 892 425 -795 863 -722 -260 475 497 -525 -271 56 862 -951 469 -571 -460 -759 -108 -378 -395 -493 827 638 840 939 -804 189 -972 -895 -526 -5 772 -170 -302 607 168 299 -859 775 -116 -958 492 -956 -63 852 58 -71 291 13 -995 433 -710 -252
-838 168 -747 -70 -383 763 -714 247 849 325 553 -353 752 948 -72 -959 442 906 -897 458 394 -465 -923 -454 968 -569 -786 -771 415 -260 845 346 -832 -482 -802 351 280 -178 105 -450 464 833 883 -126 200 -816 796 -120 338 91 83 511 139 -269 -637 738 987 -277 -130 -722 -172 277 725 -349 -682 510 -609 -627 -612 -707 -162 73 17 556 -80 491 100 -530 -532 333 297 -327 642 -501 -392 -968 327 -846 449 760 -712 -832 -230 -526 437 48 -939 641 -993 -14
-776 253 722 741 636 -836 372 -137 -54 828 -289 307 -569 -680 53 -917 -687 -399 98 -906 -787 654 860 266 -461 -185 -350 -593 -612 -641 -688 308 -127 745 659 459 -677 744 -482 174 853 763 955 10 -257 413 736 325 -590 -473 -875 -787 678 -730 507 -386 994 877 -174 841 304 -178 681 -652 468 -904 -735 36 -37 -18 333 996 48 -6 -436 911 162 -464 771 793 391 -923 -42 -37 422 242 693 691 -33 -805 21 125 506 -66 -87 -359 692 -132 -276 -550
977 -284 927 920 -391 -76 57 444 -121 260 -287 872 359 729 303 488 -310 758 579 -195 -454 634 814 637 716 435 -62 -697 951 238 -515 -413 -715 885 65 976 -358 -637 102 746 -725 -523 -717 919 -351 -872 -469 454 -47 907 971 886 955 -120 92 491 -554 -331 -147 -601 44 -380 -205 514 -705 697 -599 553 74 -678 -382 -683 302 -426 -189 -626 -16 -235 -686 -257 -178 78 356 11 -761 -228 -42 233 -527 416 -636 568 -160 307 403 -896 -439 -440 -599 -733
-462 -954 472 479 -725 321 749 385 229 545 -295 530 2 263 370 -399 381 906 -340 915 -53 -94 495 948 871 297 876 901 -761 -141 -360 757 -160 133 677 -175 175 178 -30 -790 -333 258 -414 -744 -525 549 -548 -87 298 227 284 -208 300 11 446 876 -781 442 -557 285 301 938 -59 283 954 -959 416 -282 -573 425 -759 38 947 727 -206 883 -736 120 -464 -40 -665 238 969 891 978 -277 50 82 -250 -395 -410 450 -490 523 -976 -40 -647 491 -843 587
-872 854 640 288 -346 955 743 -735 -518 327 -551 135 -439 -837 -708 950 -619 -561 879 -911 -810 249 1 -30 648 223 -850 -821 647 -788 -513 330 -803 -782 -9 -483 485 265 -830 -553 970 -559 959 637 706 -150 -3 151 505 498 -153 -416 -779 -189 290 485 376 -212 448 -736 296 -557 69 559 3 -395 829 -709 124 -732 -696 -25 434 -788 -52 250 10 -165 -575 332 -776 -243 124 782 19 -514 -867 307 -507 -541 128 -365 243 965 -612 -855 249 -417 -84 -306
42 320 -147 778 563 -99 794 -935 -847 -524 737 292 -698 -712 523 -736 666 -655 462 482 625 639 -483 379 123 -377 -508 285 482 781 169 -924 -327 -376 333 -570 81 368 870 801 427 -410 396 -693 277 -778 -793 196 -645 -678 -353 6 612 -32 -719 17 874 -960 -653 -815 -807 770 -406 547 -575 -386 980 698 433 234 722 -774 157 162 704 -898 -489 -85 -306 -789 -710 29 -782 152 297 552 -511 29 163 -489 -6 -897 336 -690 -613 -150 158 -196 961 -780
-736 -847 -511 567 448 819 -224 872 842 256 -680 -234 -37 523 -512 73 582 -621 37 670 966 21 693 -719 291 307 -173 121 -67 439 -665 43 -327 571 -167 761 -92 341 -132 806 158 778 -861 -280 -822 -100 -65 -537 -492 862 473 348 -409 547 984 887 948 -410 -914 -273 738 315 528 -916 828 653 507 294 744 477 -599 -654 -898 -520 328 -963 -652 708 463 757 211 -34 -531 543 -366 977 -24 -887 382 732 -453 585 743 623 -7 -612 -861 432 -442 -357
-103 -917 172 454 -982 -169 -499 -636 -286 -145 -342 632 -905 513 626 891 967 -469 593 31 -774 135 272 171 734 222 632 -272 -968 -921 -263 63 549 982 438 966 -925 -711 -89 397 41 -72 -493 749 -507 -2 792 771 319 915 748 703 398 -253 -249 4 492 20 123 -880 -399 207 -90 875 -321 190 158 -738 -273 -376 -109 542 -870 -244 -912 769 362 -26 106 732 -423 -260 786 -308 372 61 -797 829 971 -541 505 -627 785 -101 193 105 -561 -175 907 -719
948 -188 787 266 -352 159 575 -395 645 -77 -956 -718 498 -926 -897 -317 -792 799 -150 -476 -258 559 151 -712 260 80 -383 711 -319 529 648 -330 604 702 103 468 -896 732 691 -795 91 -1 -907 402 826 379 -155 -991 386 492 668 590 -242 -470 42 -119 -629 -350 -396 28 -328 -172 -129 -527 7 655 -212 975 -56 -846 -671 -816 487 -601 269 -631 241 -510 241 -353 -247 149 181 -638 570 626 217 810 299 715 184 10 -173 -361 399 -934 -403 120 996 -779
-767 -530 -662 -221 386 -330 -997 283 807 476 -881 333 934 707 -776 -560 892 434 -714 765 -921 -33 279 -650 -8 701 174 862 -863 772 943 -92 762 698 -892 936 -243 837 -219 -347 210 77 -467 836 364 344 -865 369 644 -278 352 -412 -123 -603 -903 -459 275 -545 -387 -812 -388 -384 -769 -871 348 888 -192 820 749 -50 36 -621 25 729 150 -587 -891 640 -797 969 -569 -72 946 483 -977 664 -639 -947 834 68 -795 724 238 -456 -227 -416 506 -915 -518 704
-503 -562 -346 -425 500 758 -852 136 828 -592 659 263 386 193 -767 -136 -525 61 -952 508 -10 245 824 27 962 287 985 -945 -599 -958 -779 41 858 -111 554 -937 -346 801 -811 -368 -338 328 11 -201 878 -981 730 16 25 391 -884 979 522 888 709 639 761 -186 275 -463 -86 271 -523 -163 171 -767 403 -942 -351 517 138 97 -24 4 -928 725 689 462 77 -95 -604 544 -70 -319 -444 -132 917 -994 300 80 296 158 -126 -345 -22 311 819 412 503 768
-181 544 87 638 936 129 82 617 441 -575 -806 -636 304 -140 -275 -220 65 950 722 -754 893 -839 49 -153 1000 -454 -994 -593 -791 572 242 624 -203 -747 25 151 332 502 846 -260 -832 -930 -934 -644 133 -647 -647 707 -904 817 150 553 -723 888 -215 -261 -702 -61 12 -610 630 -858 -169 -600 504 -17 890 -806 -842 -879 300 747 679 403 133 -318 -634 -880 265 -506 824 -130 -91 -45 -52 -214 -437 -294 190 763 -141 -729 -491 -373 -778 -782 803 998 -601 -58
-707 775 540 286 -780 -532 73 536 296 -292 -899 877 -823 746 623 198 785 -951 729 -494 652 925 -871 -318 561 -220 -881 -334 780 -519 -772 252 587 -672 -133 -391 -638 644 -210 774 418 342 -669 -408 887 462 -698 -847 -968 -486 -871 -816 199 -893 -436 722 -181 -419 -98 -869 -179 -757 229 -470 369 431 -204 -153 576 206 -248 -33 -70 408 -963 -82 -573 -270 -806 -63 590 -822 37 -313 -175 227 -995 516 -4 663 -817 -446 881 -937 -311 -267 397 -114 -145 -731
-801 -616 -222 761 -570 585 290 -434 734 -136 67 -309 337 -464 -434 810 -523 -992 691 429 -913 -963 274 250 -299 688 -759 787 -176 189 297 171 -793 -421 585 385 977 -350 -751 534 891 90 -680 -987 -663 11 761 -974 746 627 959 962 -274 621 246 -46 -35 -788 -876 707 -523 -637 -209 595 -97 -612 -991 723 -301 -274 -754 -499 13 -33 862 135 661 569 -383 -29 15 180 -908 797 -466 -752 546 -297 -968 -788 620 425 829 -928 447 -102 707 606 -342 -877
-821 -721 334 81 -397 -210 553 -531 -26 -331 941 388 -862 636 676 -5 667 -992 146 -331 -401 -873 793 -846 -783 774 -924 -705 769 736 -366 -389 -945 916 -105 800 16 859 -408 -209 684 -96 825 -660 -318 477 479 -728 -33 -682 381 -141 233 -69 -125 -321 9 -138 -527 -760 511 -8 188 409 -904 352 -694 944 389 -628 749 -955 -847 137 -810 -728 23 -550 434 -19 342 -72 423 928 -545 476 242 72 -288 -973 56 -455 -78 511 -993 34 -712 797 961 -750
804 -24 -231 550 457 615 -85 -576 -932 -995 523 63 320 589 339 -666 -589 -520 -313 -180 -146 925 225 561 -867 631 -647 228 -536 435 474 516 40 -495 383 -802 161 -932 316 -447 186 708 757 744 285 -123 601 269 842 931 820 -730 19 -861 -502 -733 -736 203 287 -15 -911 -945 230 159 -756 336 264 503 398 -74 -955 491 980 645 233 482 -637 774 -782 63 364 -403 668 951 781 599 -379 -133 -362 -730 -338 -983 791 -31 272 -582 895 570 152 563
-656 566 -369 -650 107 936 -920 384 609 973 947 468 380 123 37 -204 142 196 -696 -987 681 -418 -858 848 688 -368 -725 637 -99 -335 577 -556 -615 -563 -767 796 -895 228 811 391 -292 -876 -834 80 -715 -819 -485 -124 169 -307 -123 37 -546 838 -674 -393 -822 -410 -950 -657 -777 -473 -70 -166 -133 -690 -164 -870 693 745 101 -190 -169 -10 436 680 618 740 -661 278 566 324 141 -323 -126 -747 166 -60 178 -194 -121 779 26 -513 -698 -391 816 -972 -893 -680
808 -251 -608 162 828 -171 92 437 912 -347 -356 894 -883 769 -803 -438 -958 192 436 -601 416 446 -431 171 -187 47 -596 -890 898 326 823 260 310 403 -656 -566 -714 -315 -886 -968 25 155 -890 910 231 -416 280 -778 -788 640 661 708 467 -500 709 -928 870 -451 -787 -283 34 -585 237 -304 -343 -511 528 -919 -842 84 544 -776 -688 -920 -600 45 340 50 -836 -587 472 237 -377 275 -734 -825 -561 -168 554 115 930 270 132 323 791 180 353 -153 -360 604
835 296 969 294 -619 -206 -530 -34 372 755 641 -581 463 97 -751 -487 449 -572 -637 957 -860 532 147 -544 964 376 503 14 544 140 -377 855 205 -214 -616 60 -816 903 552 -70 246 -408 -692 779 179 -39 694 809 226 194 -18 451 330 175 -720 902 950 125 -420 -465 -541 -865 -173 -722 -987 362 -468 651 5 -108 -914 775 289 257 806 829 -370 -190 -138 422 889 -285 -450 -992 537 -247 472 -102 -816 641 -919 -292 327 784 386 -714 -438 -674 -402 -166
51 121 -618 -834 -221 937 409 -731 346 704 -543 292 734 365 527 930 272 -259 966 619 522 -78 505 -239 -327 -59 529 -962 863 79 722 856 324 743 -530 527 -259 -15 845 538 -207 -614 338 -213 780 -375 479 805 -685 -383 231 359 888 427 589 -991 974 -637 254 9 686 -894 847 721 212 -714 750 -957 -516 272 -926 207 637 368 200 694 -404 -163 515 -494 347 535 804 935 118 482 468 724 -730 588 -427 980 134 -888 -796 -851 381 851 -639 640
330 -163 -694 -912 550 824 -407 -439 317 890 -777 724 466 -787 369 -795 -747 635 756 -170 -584 -52 -396 -935 7 -993 -483 373 105 -185 923 -718 -565 30 -748 -791 425 -363 138 235 -965 160 859 190 -82 995 936 211 -869 -463 -171 -919 932 -904 -266 -100 -831 428 -52 259 -951 -750 -567 613 781 377 -224 42 -116 957 914 716 -648 203 -589 -988 191 -743 20 -641 -507 -110 -352 757 550 -679 -264 -561 -637 -865 -766 513 209 -884 398 183 562 263 496 -125
-134 -322 472 -170 553 -453 17 -422 64 58 616 367 501 -998 552 153 -482 536 14 720 958 -239 -392 -5 527 985 794 -355 501 -806 -614 -312 -279 68 164 -754 695 -442 171 219 -913 -502 678 418 449 -533 -250 -769 774 -442 918 74 639 667 264 -476 -352 -36 -617 -465 -472 -332 619 -641 658 503 531 492 -58 -426 -768 574 732 -606 -4 -261 -618 774 887 121 -456 852 132 426 125 -49 930 956 -451 -978 -909 -38 952 10 -237 -798 157 249 544 322
104 695 719 -837 -252 584 781 -623 518 945 949 170 956 -985 775 -828 -466 928 846 349 -495 420 -328 377 526 -957 -911 -398 12 824 396 977 161 -478 494 426 -984 432 -55 -361 303 -287 970 -873 -604 -400 283 -864 -638 382 229 -843 53 135 -92 278 -425 -940 -515 676 -325 752 338 -689 -31 479 541 -952 666 -953 591 -876 -456 991 206 -666 567 -71 -362 323 -155 835 195 730 434 285 483 237 -636 103 -12 -139 758 103 22 -624 355 869 103 727
-106 -11 920 263 766 -35 419 229 -358 478 -990 -135 308 230 356 4 118 613 224 628 -42 -964 -341 -305 -711 -396 -402 -621 480 -419 -575 597 172 -936 908 389 -68 -688 517 487 115 238 601 525 -134 -343 867 896 -1000 -337 -757 -865 -628 -278 374 148 284 -138 -508 990 -347 706 246 92 -19 945 454 -68 256 -423 -659 770 -388 -996 -737 -886 -932 304 960 -85 751 165 901 -140 -317 773 -445 407 -265 -214 68 -257 734 -815 39 656 663 -207 487 558
-324 34 16 631 632 -706 -49 -919 -751 -534 210 -995 305 340 803 -427 77 12 414 -137 -330 -838 674 -688 945 -244 -774 251 126 2 -635 -51 528 362 -518 -452 -919 277 901 786 792 461 -33 -515 -504 789 447 382 -920 369 -640 231 -914 833 -659 56 793 -50 -352 732 -200 -832 -834 862 458 -980 340 790 531 209 -652 -71 74 295 555 286 -130 -207 -119 761 877 -959 995 -332 -265 905 105 -956 283 93 143 -104 -61 -327 -56 -532 -892 -148 -93 -851
373 529 -158 27 477 611 -577 734 534 136 174 389 514 220 -803 -431 -27 -800 127 529 525 -582 645 130 -176 -500 803 355 716 -857 289 -946 -746 644 378 229 728 843 -354 -494 -989 737 -490 -619 -45 -60 748 591 -746 -334 646 843 -113 -300 576 -475 -888 700 -782 124 -803 551 158 795 829 263 -735 505 -563 -909 814 105 946 -263 717 228 -206 -929 -140 895 -831 -505 726 850 -331 249 -888 -825 538 -118 -827 -25 749 -596 -641 829 770 -358 -212 385
-303 49 448 464 180 178 156 548 93 -78 879 -324 -980 191 -626 -675 -917 -459 -443 51 -455 800 931 442 -439 516 -556 -801 586 45 -8 -66 -236 233 686 -39 -180 655 69 -799 -267 494 -570 -320 -267 835 133 -708 -136 -300 356 614 660 158 -607 750 967 948 654 -690 -666 -361 9 223 -812 793 -819 774 -229 272 498 -936 271 -177 849 725 609 -364 -121 -259 -376 -749 -76 544 -247 833 387 -456 -251 -870 -835 805 -196 958 450 775 478 -229 -580 487
-253 -622 -160 298 97 55 57 -196 -913 880 -952 286 -752 -297 -303 0 80 909 608 713 658 -40 101 -520 229 736 511 -136 -847 -406 -267 -315 -456 -816 -212 362 393 773 -68 -5 -42 75 81 -460 104 603 150 -162 -544 -292 -421 710 -41 -600 -321 990 441 -963 -469 934 570 448 798 -425 -503 474 -422 -344 -628 -445 305 466 778 899 -524 -582 941 280 225 790 622 599 983 178 -508 -675 -429 937 355 474 -214 -22 260 -905 968 -726 112 362 -484 -799
281 -810 -560 -676 -998 -196 -937 -769 -978 647 -788 309 -54 605 759 686 -830 -415 -960 -809 895 193 50 549 271 667 -403 -448 -831 -974 719 50 908 -235 121 210 -730 746 728 -265 458 -824 -823 -861 -421 506 -553 967 -243 -512 776 427 -450 -542 -493 -66 745 -925 -846 -270 35 -735 169 665 953 -921 445 589 -211 -746 640 -485 315 -626 -298 -758 154 894 -533 45 584 468 -920 -983 138 -457 754 -870 -464 -849 -197 237 377 37 979 -964 123 -123 573 -133
97 -263 -18 804 975 -248 -14 936 -595 961 563 -362 -130 -258 335 14 376 420 779 896 83 846 90 -947 -906 869 -746 -16 567 331 -730 -433 705 260 -16 -952 -715 -453 88 -473 303 -438 -780 -440 924 -898 -536 -355 -832 339 -667 19 126 675 696 -744 -952 -643 -687 -852 748 -415 187 -303 -848 -779 962 -18 288 596 -275 268 -181 -729 844 -947 -262 597 -147 720 60 897 858 988 823 -996 564 459 -82 649 -549 478 16 -788 -661 124 -98 -215 233 11
200 -23 -447 803 644 588 466 597 -996 -801 -317 226 443 559 874 432 -100 -279 683 173 -584 -388 304 -773 -606 -951 -346 246 25 -812 110 -282 -20 175 380 -693 186 248 898 417 -292 -656 133 -312 -431 745 -320 59 487 -641 -520 -176 719 834 -451 -260 -543 -723 -49 773 158 -729 468 154 798 432 298 -540 701 -284 117 813 322 622 -447 722 -604 -556 953 -719 -251 -320 261 501 -5 -779 -856 605 -700 156 -953 624 656 -433 983 -597 -252 -49 -887 -223
-237 -976 916 -893 513 306 758 -453 -244 -142 209 -754 -923 -370 8 678 -729 518 408 -741 257 683 -643 307 658 -320 401 303 881 -449 534 236 108 366 -826 -560 -764 -522 -43 883 192 587 -503 392 -626 546 -562 -351 -345 934 -143 879 21 -908 165 -431 270 -145 389 123 368 -178 -779 -569 -426 277 573 -97 258 425 -262 -746 115 -178 -901 888 462 907 655 917 -820 371 -932 319 237 -373 -935 -703 -201 -626 -215 -780 758 421 -431 225 -514 319 84 -274
-125 710 123 -854 -493 203 70 509 647 565 -755 -198 453 57 257 -244 -200 380 -60 222 -856 -291 126 -881 -115 -342 200 462 -332 -150 -114 873 751 -6 235 546 -120 -540 -924 -783 754 681 557 -997 657 435 247 -229 -225 -508 721 341 -970 -630 -107 25 -979 593 -857 -719 -404 562 689 486 731 -332 565 -548 859 888 347 -812 137 106 -317 184 -784 240 856 429 -960 -492 259 701 912 265 580 -743 -660 -941 -319 -697 849 679 343 975 505 -310 -533 944
126 -754 -349 -22 -701 51 8 -911 -570 911 10 881 326 -318 150 -792 -737 872 -66 523 104 125 -378 -420 989 165 518 -696 -974 -375 227 581 -309 -327 1 172 152 -119 -95 -558 -685 163 -677 911 628 -804 -664 -739 -251 926 975 80 -594 744 -890 -196 -14 265 661 336 797 786 942 228 635 761 719 -924 879 -721 920 374 405 12 -165 850 -673 -767 -896 -564 634 774 408 -559 -296 -211 -811 307 -485 433 -383 -307 -141 -60 -80 588 627 -706 -551 -525
-812 608 -844 330 2 -718 -335 255 102 108 -772 -418 494 982 -469 -370 691 167 298 475 353 -720 415 -823 91 61 -421 150 520 908 -395 -602 541 704 826 945 652 272 -228 406 -845 640 235 776 947 -670 141 -572 -326 210 324 -248 240 850 -437 715 -52 879 -812 -761 -832 -379 -427 -67 -257 -784 413 -413 499 885 -305 350 -842 -872 285 110 588 944 532 -135 355 687 -384 499 211 432 -452 128 755 -563 996 -54 -835 10 -189 -493 -163 794 -45 224
323 -608 69 -253 269 -985 480 171 -331 -499 113 -187 297 -936 939 346 521 644 176 -294 858 991 605 -728 174 -852 68 -245 924 -844 -407 -59 -70 351 -322 -558 -529 239 675 526 835 931 -182 -739 -348 -192 609 133 -698 -713 -842 -608 109 -90 -647 -865 -862 -437 912 972 302 -478 73 -475 442 285 -191 322 811 -877 697 56 -214 -540 704 -238 614 -17 969 -17 -553 137 968 189 332 -551 988 384 486 944 -494 -111 625 264 588 -730 -511 -200 -839 810
-667 170 -201 422 620 -388 652 -367 -111 -207 902 28 -638 491 939 -168 -214 112 -659 -822 -294 426 473 -873 109 89 -992 498 -256 216 -189 -410 -347 -11 596 -81 -32 -752 -322 5 -371 9 442 -10 -184 -994 118 -731 -442 340 -840 -942 813 -887 750 515 -840 -744 -873 12 941 257 -796 -13 -993 -119 475 -992 917 -372 -666 -894 807 991 674 -769 784 -83 180 13 333 -669 -147 -162 235 670 -526 285 -630 -961 918 454 990 302 473 -193 736 -347 -986 -142
1000 788 371 -439 987 452 836 467 -112 780 -155 965 221 -242 741 676 829 -798 -406 311 976 812 669 941 947 775 -698 184 -763 -937 -800 -270 54 105 136 967 698 905 840 -429 -296 -67 -345 620 384 443 -667 847 -852 -123 992 5 -489 407 901 -899 -460 -362 669 866 -977 647 327 575 197 907 -312 80 328 452 682 339 -451 38 -94 14 -479 -289 -651 113 447 -244 -976 -792 -113 -142 876 -3 117 441 -779 334 -613 -913 -829 -723 -374 776 299 660
-844 302 234 435 267 780 621 484 -197 30 -491 -120 757 99 -485 -990 -991 -37 -833 -224 7 885 -617 629 602 -13 559 -636 -643 -921 -552 15 690 662 333 -978 -86 -898 36 572 -984 386 721 9 761 -446 554 930 -76 -677 209 -882 773 429 -369 -340 -985 327 407 -263 801 -838 -615 -613 -315 905 -831 -372 -124 189 675 570 937 -531 224 996 437 -177 745 541 231 -737 -632 -335 -9 480 514 -466 901 -310 -279 -473 -944 730 202 492 -52 935 547 928
123 -549 542 -355 441 496 822 -660 -29 749 25 620 736 -173 -936 -416 -91 110 125 269 -568 870 444 -202 -523 -296 -615 734 688 472 -859 -942 -502 -511 657 -997 -632 -653 425 25 -715 974 -558 -753 34 865 917 -650 168 -34 -680 169 -21 -491 -780 -314 -831 -243 197 611 983 28 -515 -123 -268 -148 476 -470 -496 193 -571 26 273 301 -937 129 146 -916 -104 -327 107 147 -266 -38 -485 858 231 255 582 380 -353 173 1 -799 -246 338 471 -969 -11 107
855 298 -13 928 230 959 -214 822 670 2 974 123 -818 869 541 581 263 -383 -905 -360 574 124 -96 -111 -949 -395 -309 793 699 -802 66 574 -386 -897 276 -979 901 855 595 426 -259 -200 -198 858 -395 -305 -737 -796 -805 878 -155 -778 -731 996 -590 293 3 312 128 -978 -200 785 123 -239 139 467 208 -445 725 379 401 911 961 -122 538 -563 579 -886 -388 -850 -345 879 125 -143 649 259 -546 412 762 -80 318 -715 -982 713 818 -808 648 -85 813 466
-328 105 -853 -71 -501 -501 -245 -594 -441 265 -790 -244 407 -625 -659 -515 394 -745 785 -811 86 -103 -184 -785 535 -982 692 746 -860 699 -981 -179 154 248 -892 439 -331 858 -949 16 -546 -377 427 -464 865 199 201 873 -16 -244 -588 -773 736 85 447 -810 311 774 378 475 555 -264 298 529 373 690 -493 -207 -458 654 816 -514 883 -599 530 -961 539 -87 596 -551 956 900 -832 -307 -811 155 395 161 -89 -443 -640 541 430 -44 -255 327 591 330 -651 679
-3 -253 117 -303 886 -897 121 534 -631 493 -442 990 664 231 -698 -531 -323 -470 -934 986 -429 964 175 805 -999 794 -250 42 77 -914 670 912 806 -290 345 50 918 -95 -808 -428 -567 -194 -345 203 522 -695 -224 -126 700 316 -880 344 -715 -527 862 -999 -364 284 968 471 -489 -589 691 -403 -135 285 148 -357 -401 -177 -656 750 -91 -360 -175 -271 -397 -768 -821 240 -696 142 -562 -516 -58 458 -54 139 931 -898 -568 981 656 193 800 -486 75 -967 559 65
907 615 -759 690 676 -534 -670 938 -338 -461 277 90 -652 113 -38 902 -117 -931 -293 926 -77 18 729 962 -450 690 24 -384 874 11 -648 -392 630 501 -447 -344 -189 59 547 -767 312 965 847 91 585 604 485 -377 -339 -428 -620 -293 -132 481 478 29 624 -410 -110 286 879 964 -933 420 -837 -437 -411 914 582 -933 204 -721 215 -849 374 -606 578 255 661 -180 -415 -874 -182 -720 102 -834 -762 771 -950 -923 361 -671 -259 -727 793 222 561 455 -745 765
-28 539 944 584 294 955 875 -373 300 -802 842 367 31 -413 555 180 -889 -57 501 -633 220 538 597 -145 634 691 405 -633 953 134 -758 142 758 -122 -962 527 254 -68 630 -76 -393 -452 -316 -69 -937 589 208 445 -734 614 -888 -398 -957 -971 -175 -36 303 -510 264 -744 -113 -269 62 179 220 105 723 -35 -969 -501 311 171 839 606 -699 -56 -99 259 -968 -158 -411 976 -830 -89 862 -464 -35 158 -19 -281 786 -967 -906 -346 651 -40 -949 17 -400 -132
513 647 -803 210 -724 -807 -17 887 -741 1000 -841 -172 375 206 799 -953 -855 -60 999 -320 -521 -189 989 -495 -941 -460 -669 134 417 877 265 -139 38 286 973 226 -146 615 -394 456 -658 -966 635 -842 -777 -687 138 315 -395 -634 626 -638 -393 -666 611 -23 497 -484 -229 -479 430 256 -268 -999 628 -304 -159 763 -445 500 -136 922 -678 307 168 941 -404 566 -662 -192 -759 -918 856 -256 -320 893 -350 -216 987 443 131 -161 -226 -127 -381 453 578 -649 636 -275
379 52 289 491 -595 602 -84 -457 -340 358 -464 -869 -357 38 667 -219 38 401 927 -754 -866 966 -990 250 -883 464 -286 522 -918 -739 -925 552 165 329 -20 -20 618 -554 -200 354 257 -46 324 -182 -835 -812 312 273 -339 193 266 -980 -331 113 650 231 982 -596 -804 -894 457 -296 645 954 -220 -965 -774 566 957 723 52 -781 -176 -485 -450 -214 -138 45 824 419 811 58 496 -689 778 -674 115 159 -547 -992 583 275 707 832 -422 249 -470 338 533 383
687 -511 -930 -655 -512 210 -982 -692 -163 -145 532 -529 -138 597 -456 -737 337 -115 -525 -560 834 685 -678 947 -497 197 821 -65 364 -41 -687 -99 -622 -611 81 679 670 -310 761 224 -399 -713 -168 363 -436 -495 786 137 997 -662 50 38 -394 104 166 276 -958 -399 308 -681 -450 -620 -574 -168 -709 -495 -774 981 825 605 -320 -982 -65 -576 906 -549 758 -118 -430 -605 353 422 -993 648 -66 914 873 -785 406 412 -581 972 52 -833 214 -265 -381 544 546 -195
-103 982 -591 -556 -339 -904 -846 -817 -397 178 839 -904 117 222 -890 -334 95 -957 356 375 -513 946 -921 328 750 541 520 -563 307 105 -480 517 360 131 -398 -359 829 543 268 579 -971 818 968 -196 17 -781 261 -586 318 -395 981 168 695 -417 -352 -128 304 -646 -798 -288 607 -808 725 584 -912 315 47 -980 144 698 -490 -226 -65 102 17 643 -292 -17 -237 582 -705 75 -385 -266 216 -489 -484 175 -61 168 -213 -461 -99 464 631 466 -407 -123 751 0
-537 68 453 790 406 3 -341 -440 715 425 -435 -852 335 874 -57 -795 757 -745 -359 -364 -655 442 451 -759 -294 -549 -157 -232 -897 655 -328 -455 -619 -6 -866 -803 277 926 -232 406 -595 -917 -587 -854 873 -10 65 819 -832 2 797 -441 -489 -713 -329 -562 510 -449 -725 199 -422 453 -904 575 718 840 925 329 653 640 -135 543 658 -519 -201 313 -694 154 285 -942 -255 -903 -513 -984 -830 -27 -620 -729 -930 490 833 850 -745 -830 -189 718 905 471 -498 -499
-257 123 -140 -486 -285 313 462 -785 652 393 -253 -794 505 886 581 -987 -658 829 795 760 -148 -3 372 810 52 50 -898 439 -673 456 906 -355 -779 604 521 -498 -421 667 767 862 498 358 -554 -560 -833 -919 -216 489 798 245 -490 707 -501 -157 735 22 -436 48 -49 644 306 992 -451 -689 169 108 724 -987 -896 647 -622 -472 -959 8 -750 -325 901 719 -551 160 207 -836 203 500 -496 204 548 -792 -692 -951 283 -201 -813 -40 -963 -986 186 -153 -88 902
429 -510 -39 -313 900 66 621 -893 -683 346 -374 -141 -870 694 175 775 832 224 -335 -228 -694 844 943 -596 167 -915 656 -326 -805 203 -448 -601 -49 -180 -496 -485 -433 -26 -651 -10 -929 91 590 826 -847 377 723 -795 -92 839 -124 984 436 -796 455 -527 -555 -580 -492 527 727 -191 -211 -68 -555 -773 633 -174 -516 -258 367 -717 -439 -791 -569 872 551 25 964 311 130 626 134 545 -597 994 -474 -455 -473 -204 770 -909 -131 606 983 -907 649 931 -898 -159
-107 136 444 510 -364 -1000 939 676 316 445 41 -383 -477 411 -694 883 476 -624 457 -503 -512 227 -423 56 -60 -626 478 -683 -567 -551 -750 301 -71 163 -725 -141 502 -857 -927 581 -326 -933 -521 277 668 504 779 60 -237 -653 78 929 594 696 78 131 720 193 222 819 729 -623 616 -553 -791 272 271 515 -806 830 -526 301 -42 -475 -229 -822 -473 774 301 347 0 617 32 109 948 736 185 -675 375 -359 311 862 585 -510 -827 -401 858 719 68 403
136 58 -566 4 -214 186 -253 673 -476 -364 -137 -728 589 137 -44 881 -996 -500 -524 -238 -891 -208 -854 707 981 -884 878 -691 751 -994 -926 -900 233 -548 162 158 -439 688 888 -845 48 96 -7 -232 -808 64 485 -703 -723 -913 215 -856 -649 643 -387 515 324 -63 5 467 401 147 312 755 -312 799 245 -790 176 -457 -713 919 522 -994 -896 116 695 830 -543 -352 651 450 -253 367 -788 -15 -706 -816 196 -270 10 -785 -648 -232 -416 579 -385 -106 -364 150
388 -6 279 -799 853 444 -747 -720 -281 18 -650 -804 -372 -251 890 -428 -284 -525 683 -106 -36 -929 271 -733 750 552 -83 675 -857 -990 -343 455 89 -762 -868 -181 -282 738 62 -440 79 812 878 -636 336 835 236 608 -246 416 977 -488 -635 772 555 755 -654 -903 6 493 495 712 179 954 -967 374 -85 -728 684 422 -354 867 -349 -144 -649 858 261 -573 -18 202 -789 997 -481 59 -950 833 768 -443 -954 -238 207 977 -803 22 851 -728 -408 746 -789 881
388 -14 -340 -596 459 -352 358 77 803 -309 -929 967 -196 -654 -160 748 689 691 638 329 -889 -299 771 889 84 -397 972 -948 -248 114 551 631 950 -583 -51 241 -783 208 -213 41 -746 -865 623 -105 -113 -492 488 585 -567 -759 880 292 -54 -766 -38 215 -571 -786 483 -533 917 -991 -119 707 -749 -819 -483 258 -470 -854 -50 -138 644 -372 186 295 -674 -784 650 738 -3 -611 -416 -660 267 665 -265 654 164 513 835 396 -671 -834 -3 602 823 -60 -160 -830
216 549 -695 -66 -259 -324 188 441 511 -643 678 -442 -626 385 127 224 808 626 881 5 55 -937 -838 744 692 -60 433 229 263 -688 -796 -571 644 223 319 528 -835 -317 278 804 203 419 261 -13 968 974 -684 478 179 -370 -815 887 407 924 -205 141 189 83 -664 87 -624 -140 -309 408 944 -847 367 561 -46 557 496 825 530 904 932 -380 353 -190 -965 -163 830 -351 688 119 -304 -368 398 575 -316 -871 922 1 552 -355 -670 -966 -550 210 -945 540
-367 -764 -504 -795 -28 -354 -525 -310 252 -895 305 82 345 574 630 -379 617 592 -776 -623 742 -725 -101 327 41 211 -753 -933 -845 -287 828 499 -549 -629 753 971 -139 -396 -747 -62 -829 -597 -480 450 701 628 -744 -692 -738 868 149 -90 -502 965 -673 516 -902 713 -822 -166 756 -388 353 -847 -487 -405 187 559 46 -11 926 631 -281 716 -529 454 544 338 323 849 924 673 594 598 -384 -869 -537 -882 -88 -744 72 201 -551 248 726 143 396 218 -88 -672
-358 755 177 -980 -464 113 -486 -662 548 959 990 -71 -50 523 898 -837 -436 -581 -420 38 -544 -111 740 -481 383 191 -736 585 -457 -732 -360 -588 -955 -520 -596 403 -149 273 601 726 322 293 834 -707 370 303 194 582 -681 254 -185 438 -341 281 402 857 -221 978 187 -348 584 273 544 939 686 -311 336 655 -315 634 -466 -943 -268 296 -950 -666 445 662 -172 -31 -188 706 -318 -849 495 -555 -678 980 -48 359 -80 2 -129 -396 311 713 854 854 -792 -66
-361 296 -919 -954 -349 964 796 -634 -266 218 -183 647 866 450 745 -876 -507 -540 -556 767 -193 -735 146 -45 462 193 -889 331 860 -163 -403 127 -511 -94 899 28 900 251 178 -295 107 -513 -192 -286 -73 504 613 -739 -207 473 862 785 -161 -432 46 418 -381 369 -361 -745 749 949 -95 -434 759 -280 -616 660 -32 2 -361 -728 454 60 -605 -362 -686 -508 634 -302 763 -484 392 946 -52 -672 317 -132 601 403 316 94 -773 -204 709 576 -878 -430 -474 394
-294 -696 -901 -567 -858 -598 485 -788 363 16 -306 -450 348 -772 715 -816 -106 -511 -625 -874 -947 877 -340 192 573 483 -102 -347 -301 -445 -512 -918 669 -547 422 -821 124 875 -95 -504 -646 923 -573 -607 238 -696 832 -638 559 704 -598 793 -523 -294 -759 -290 282 -350 658 -999 -494 81 45 944 21 -369 418 283 -657 -980 747 -118 -631 -159 344 -532 -431 92 56 -636 -717 732 516 657 421 -978 852 671 -968 -898 -904 847 -82 132 -72 -606 894 -748 -479 -128
-864 374 -336 981 620 906 -389 -527 -325 -54 115 503 190 29 667 -824 784 661 256 938 -53 836 516 -227 858 -178 934 337 -92 -615 668 -870 -534 845 -31 869 50 984 -306 16 -602 -216 -796 409 364 718 -23 854 -409 152 851 -597 -352 532 -347 -570 591 -700 -374 -485 -456 201 182 -655 452 -191 -12 740 672 157 -45 -866 513 -877 965 837 -818 -314 993 538 -713 -28 -403 -686 -153 -877 725 796 946 44 -262 178 -888 171 375 -703 724 -602 -831 -43
741 25 185 -580 31 -390 990 485 512 -643 -970 472 406 625 -397 -889 -918 -690 -428 772 -905 -357 -486 -557 -691 -186 364 38 -387 -744 609 -535 471 886 114 214 420 295 -498 717 117 -803 -293 -179 681 303 966 260 -610 -914 548 449 924 685 898 219 -479 -231 -999 -113 -510 -19 -183 203 986 -343 313 267 147 -218 -899 426 -682 -199 378 -972 -966 798 -851 363 -174 321 879 195 -563 872 -954 986 -323 -655 -289 325 -426 14 -336 -746 164 -277 -623 401
555 -349 -178 -182 -780 -853 -505 113 86 957 609 564 536 -903 -238 -421 880 -976 135 -253 -996 -264 748 -22 787 -114 -855 -910 -601 108 -263 -365 544 -774 -634 -879 690 34 463 544 231 697 -284 704 507 725 314 776 750 -212 645 -889 -596 -580 -375 -693 -515 453 -67 808 27 -864 -905 966 -742 390 599 -903 202 380 -736 -746 49 -12 193 69 -703 994 378 894 -815 -817 851 732 349 354 30 -259 110 728 -934 75 703 -463 -901 -8 431 73 -22 -322
370 720 222 -545 730 -581 697 51 -210 906 338 751 -87 216 -383 -120 248 -602 -358 -454 664 534 -280 588 -635 638 11 349 636 29 -484 393 -934 843 502 -202 872 413 -613 10 -277 -598 -250 872 -757 -382 -448 -763 690 390 -554 721 -204 19 -752 230 -546 -685 131 -277 -183 173 -187 -562 351 917 916 3 -152 718 853 -807 -326 187 985 703 763 -480 -736 877 893 308 892 -911 -245 -285 244 580 46 -575 629 900 888 609 -278 -117 879 124 -167 -465
698 -538 -747 281 -482 494 -865 491 266 91 -642 -848 -279 449 -391 -943 -965 183 23 -543 -408 -503 43 843 77 154 -567 -362 562 -962 624 -267 -144 -96 935 -496 210 717 722 187 803 -386 -159 -180 -65 -644 -498 -375 644 -435 -950 -373 975 -950 55 849 -958 557 -958 214 -682 -442 692 721 145 -790 319 -699 972 567 22 713 -174 -98 915 -926 -762 -272 -637 -712 -681 -755 -39 -712 133 -420 -265 -671 -757 477 -753 951 138 129 503 598 353 916 -593 853
-902 -455 305 862 -292 863 -934 -383 758 -408 483 -544 -70 376 -858 998 -190 -537 536 332 -73 334 -410 -586 467 -667 -114 720 -384 664 -453 -590 -365 326 -132 2 16 -680 -494 806 -316 151 21 -821 562 224 -973 -422 -990 153 -101 257 -310 -167 -143 271 -709 -570 -186 248 -999 306 242 785 -59 -116 -251 190 -211 337 -54 994 682 766 -121 -660 -650 -398 697 -834 245 -26 -69 313 -576 117 111 460 -845 812 22 531 270 -447 -528 -490 -238 -396 -265 414
629 -613 -270 -171 -883 666 -624 446 476 317 -122 -632 -240 -11 -55 332 -681 -545 -520 391 -891 751 919 217 614 77 893 -716 -540 -528 -557 217 -629 -613 -746 391 861 -892 459 -980 -407 783 -29 300 987 715 -873 463 979 -276 96 752 800 376 429 477 -857 -740 79 439 -844 140 -464 -803 124 894 136 528 -177 692 -288 -118 256 625 -169 -902 -61 725 -467 174 946 -107 976 -76 299 671 -723 -215 -36 -653 831 868 -883 876 783 351 95 -107 233 -699
331 438 393 991 373 -325 -292 33 62 -563 -316 789 -60 -296 272 188 0 176 785 631 -918 398 225 -728 -685 875 998 -133 984 608 -555 857 830 -943 -403 395 503 472 41 -696 -588 110 -670 -934 886 -29 2 570 -557 384 973 68 -764 96 931 -547 -22 -207 876 -680 -240 -829 775 507 -99 -856 488 437 723 657 -659 -713 -885 176 -135 -246 -396 -466 30 111 -444 -885 926 859 796 830 734 -132 833 -782 -381 -622 -307 541 636 -461 -33 -65 958 -637
341 137 -433 446 -208 -25 -922 -708 -741 -91 -484 -673 -216 -457 -996 -714 -95 284 983 851 505 -36 -890 -356 -275 -558 708 -476 924 -458 -409 -369 -97 -857 630 -900 763 -280 -534 259 406 414 955 109 665 -869 -971 -351 -538 -419 769 761 -284 422 471 -799 526 94 849 -250 -984 -864 394 -747 57 -89 -102 185 847 323 979 123 457 -994 -400 229 -664 979 -582 -708 721 205 -671 -612 28 -934 184 213 166 -911 240 -130 153 693 -892 271 798 -385 280 -674
402 745 622 -701 -706 185 -129 -290 984 -743 556 109 31 772 -215 -987 568 -740 567 -426 907 -669 578 -916 -102 -463 -344 574 513 985 -274 -272 -657 -852 479 -818 -788 211 551 667 999 38 -161 -481 495 -709 -953 -627 -661 -350 -133 -344 617 6 973 782 560 774 -80 967 744 -636 127 -801 558 -624 -180 986 775 741 49 939 391 -176 268 797 -127 269 206 -227 -585 -77 -704 698 110 -301 -750 73 522 135 -946 -281 920 373 -95 995 -41 535 -266 300
-835 -579 -561 -262 -487 -785 -663 -131 471 965 -641 136 -840 -169 -730 -944 -936 131 -987 483 446 -581 -842 393 -50 -109 97 286 729 195 -208 -242 -52 -830 493 -710 -861 978 290 192 -830 566 -530 107 -957 673 884 36 434 -169 418 909 -472 -765 877 218 -182 332 -953 185 -359 -629 629 -936 959 899 931 81 -10 506 -985 -358 -897 513 -202 417 864 -4 906 88 -124 19 -45 -811 517 304 -700 -526 -859 -283 212 -313 -408 -990 832 248 188 335 -889 103
-546 607 48 -75 -833 -761 -403 -746 29 265 -582 720 277 612 693 -551 -261 73 877 -145 313 -515 653 848 47 -430 -573 933 858 -926 52 67 54 496 -60 466 21 -610 -131 445 -371 -38 757 467 854 564 922 34 124 435 687 -528 474 899 -829 -999 -381 -573 -763 -210 -686 -443 876 -972 -297 3 165 -60 -794 765 245 334 -438 -685 897 -223 432 992 -363 573 154 -317 385 298 227 -79 -625 444 717 98 651 -300 -487 724 974 -22 -215 750 521 203
559 840 -368 258 -232 658 -340 -939 -774 -875 -969 438 -792 -651 -130 -317 596 324 640 -593 -618 75 -504 -771 -75 -179 -225 800 919 769 114 -834 16 -356 817 613 290 711 -194 470 123 -988 372 192 826 286 -27 799 -947 -91 751 -802 -382 643 49 588 52 -457 847 -581 241 -20 -727 859 -931 580 -290 -110 -744 -661 827 13 140 -738 28 301 842 933 -351 281 -505 -185 111 -186 643 -974 622 755 322 764 63 599 -167 -145 843 942 -864 -438 -410 901
-800 822 -74 -848 -458 -657 -36 -794 33 -403 -934 -265 -497 -804 -621 -552 359 -391 -446 -100 -225 586 -784 -743 -304 801 565 711 -769 -359 969 518 -269 528 526 -645 863 686 -64 -20 -675 73 617 -228 984 472 -863 -263 -937 -77 -326 500 985 -262 -134 847 -476 -981 -46 925 230 416 704 259 225 -451 326 -60 -605 454 125 -387 -314 347 652 377 152 -972 671 271 578 407 -544 213 -214 -95 647 -557 -777 -954 670 -299 578 351 -582 -856 -413 329 285 675
-388 -530 -983 -769 -267 -512 970 363 -375 -365 -759 187 635 397 -585 -803 399 -682 185 498 184 -514 -848 595 343 -608 779 -898 460 -391 -159 625 676 -274 222 84 -326 753 602 874 622 527 -117 583 36 -627 861 61 -823 -17 104 18 -183 180 341 156 -949 640 -968 526 741 -757 -527 249 566 111 475 -620 546 -655 675 246 160 -955 320 -683 -999 327 737 367 -958 261 -90 -867 272 535 -177 -240 -596 257 272 687 -928 -828 -864 46 -45 -177 423 -454
335 755 456 -294 -466 742 -170 93 621 338 -538 -393 -471 686 454 282 -215 263 718 -597 -33 -111 485 940 -510 976 549 -706 203 810 701 -66 -489 326 156 -743 594 595 -466 946 290 -76 -68 -959 -29 894 388 -151 -702 -69 -419 874 -237 803 679 502 -672 -6 -139 -24 476 -382 -508 -935 -832 532 765 -474 -643 -927 -149 39 166 779 -460 -538 -700 -10 761 -405 52 -367 428 987 894 -76 -663 795 877 706 166 788 -10 221 449 -895 854 298 619 -720