100
-475 381 628 -139 -494 -577 737 -606 -135 -404 118 236 110 894 -794 -117 645 60 -109 580 728 254 605 -37 -69 -743 -558 188 -445 963 -612 318 443 956 -184 897 672 23 -297 -867 407 -826 -574 851 -665 810 -737 -695 888 797 810 756 -711 810 140 551 -77 -117 212 142 -748 -264 -94 645 647 -912 -162 -973 512 914 -208 -897 -522 -643 -529 -566 996 334 664 340 -825 128 131 627 -616 -45 298 773 -962 -81 470 409 929 130 503 -571 -80 -367 557 -992
907 629 143 940 125 350 102 -363 774 98 -401 429 -107 289 439 789 864 -230 350 -983 960 -655 872 -794 452 -272 -691 -279 86 706 630 294 -454 457 -624 393 24 489 380 324 -236 -736 -558 878 -609 515 -537 38 692 242 770 -817 -798 869 -768 549 -657 -204 663 693 -754 8 26 121 -793 226 -343 -219 692 196 500 882 10 -729 -591 31 -728 718 741 -292 63 433 605 -433 971 -106 -444 873 -512 -995 -191 215 487 998 789 911 471 191 336 -425
864 -35 -722 -192 962 579 -70 -410 -9 656 -981 -331 248 -946 279 148 984 -724 45 775 -402 418 206 -228 -808 -119 891 785 938 408 161 797 -288 -358 -321 -94 -181 9 570 -703 852 -334 941 377 -360 -314 977 -289 -401 443 65 -800 -438 -193 282 -685 721 230 583 655 27 -386 -992 -961 534 987 937 -377 -163 -496 945 -569 -496 -254 965 138 -387 -16 815 -249 -571 -835 -356 -399 836 -799 -642 -482 773 146 -204 4 54 287 -657 -400 -568 -137 984 -84
153 131 27 3 405 424 -335 206 -889 -231 -215 -760 -693 -110 638 -560 -35 615 591 -557 639 461 25 213 -743 600 859 -174 155 -893 744 552 912 253 -121 926 824 -193 -271 -420 -767 -351 685 -427 562 221 189 129 -598 536 -695 -939 -851 926 484 121 92 73 -841 401 607 -29 529 -514 -513 -171 178 -681 -454 445 -750 925 677 -639 801 968 766 810 -884 -295 491 -953 -669 266 -964 222 538 -508 -574 -543 -845 -151 -798 206 926 -273 837 893 380 -455
-899 475 -947 -63 996 -797 613 412 193 726 991 -986 -262 -228 -280 -82 -119 -333 418 646 -914 389 454 -578 850 -80 -429 904 -550 -219 851 -260 -501 -934 -986 340 -82 693 117 -760 75 922 973 62 991 -755 78 842 -101 -817 473 788 -657 -83 456 375 -793 79 -552 595 -898 -13 539 -701 508 -777 -361 -209 -114 778 -95 -951 358 871 -168 -980 -209 999 685 -190 816 40 700 44 -214 905 -694 -156 559 -391 -566 288 -914 341 -709 867 -699 554 539 -331
-711 -672 414 -587 -122 -148 -503 615 817 640 525 -201 6 220 494 912 550 34 442 -851 -264 -213 288 -761 -569 -439 714 262 -8 -961 426 -353 -819 724 -63 -508 -471 -493 -857 819 91 693 661 598 -99 -231 807 -420 -235 -352 -540 -727 8 -488 -472 645 687 114 406 -580 -437 954 676 -673 518 -685 -588 0 454 -260 -442 18 -192 -172 -56 261 -626 305 285 965 -317 -730 -378 901 710 -992 398 -439 -493 -552 588 568 -537 395 889 -650 -928 987 981 635
-923 -821 -800 -441 960 648 146 483 692 845 47 -936 927 388 -725 635 928 -331 662 -705 -557 -765 -466 -797 -67 -769 -819 -357 -264 -906 885 838 583 914 -67 -992 -948 -374 7 307 -654 -663 -431 -685 -263 681 -89 780 -522 771 756 292 969 -267 35 -157 37 -841 -730 173 361 -678 754 -354 272 -767 175 669 -823 212 636 -555 -710 -602 832 -892 216 928 -337 -931 288 980 768 -578 -605 -616 371 -116 -725 -174 -638 -626 354 961 -849 -597 -313 408 -364 95
195 581 -735 484 407 940 -97 990 741 651 806 705 832 373 811 827 919 -162 -829 -589 -120 665 466 -970 156 932 803 -905 -383 -662 -931 -846 -268 773 690 -273 -187 772 -194 -999 143 -963 903 -693 -516 -388 393 579 357 873 -87 -859 -185 674 -445 783 847 -794 -605 220 749 782 -161 -154 579 792 -700 -979 -605 -693 352 450 382 -97 241 99 648 760 -146 43 466 197 -16 725 947 632 535 538 565 182 -914 626 -285 -638 460 -39 -3 -217 -645 730
627 294 -203 441 -189 -771 190 78 700 -611 325 212 -811 -110 -358 269 -820 -300 848 -801 886 -835 -580 400 -795 -640 390 -203 -545 -575 680 244 182 784 -812 897 707 163 -619 -455 845 740 453 -673 -791 648 -52 -575 -970 -298 -780 -681 -651 -747 -787 295 -617 -334 984 -168 683 228 835 -315 -299 302 -772 539 902 -419 748 733 417 833 427 -880 -28 545 -603 -483 832 413 -135 -867 866 -61 -971 669 -244 -85 699 -336 -140 -977 842 53 341 -322 371 -211
-455 -521 -205 -275 -288 -730 -62 622 -496 -767 -387 -556 595 823 820 355 -525 991 -675 771 911 475 699 -954 -803 -239 -188 466 -575 -920 -821 -800 383 264 -23 357 -841 455 870 66 -811 79 -196 927 -824 -515 946 759 -130 701 166 377 -861 299 -34 -638 717 -909 -53 192 -756 -643 -847 -633 -324 -596 -533 -359 -23 493 624 369 -724 -146 299 922 -502 940 -853 651 -332 814 367 246 333 254 540 -200 694 -407 483 272 213 -168 729 -132 253 59 968 -872
-251 -990 910 499 -911 982 -316 -844 -34 -75 -485 428 -348 155 137 699 -285 -428 -641 -784 951 528 468 652 475 904 -726 -948 995 234 243 -18 139 -196 -546 -747 411 582 307 -367 -120 -938 434 -544 978 -919 323 897 -58 -728 -712 -856 -577 362 232 -30 823 979 -17 725 -494 -378 -924 -492 -849 -742 -954 846 897 -314 -240 55 -378 -831 96 347 878 -318 999 707 18 -985 834 699 -725 -221 135 912 -324 964 -644 -132 867 -753 15 662 -277 -526 434 498
-881 -835 -54 -810 -441 -357 -947 883 39 -108 -598 -826 550 284 105 -153 -486 117 -480 740 -136 464 47 -497 -170 499 -989 245 402 -72 -82 913 180 648 7 -782 -498 243 -781 -358 -192 -452 -191 -104 282 -851 982 104 -116 -293 364 647 -182 -447 917 212 908 -177 235 -967 554 -481 -316 387 519 861 -747 -362 -980 -454 -908 -840 583 -8 -773 -35 1000 -84 -758 -290 -426 -935 -443 -207 94 890 536 -482 746 -219 -58 -527 222 -994 -612 356 600 -79 876 401
590 783 -640 -638 -635 -294 -863 -1 -49 112 114 -435 -485 -638 -931 -11 442 781 106 949 790 89 -282 -166 375 -295 174 -912 -346 -895 567 868 -592 -674 -364 883 -987 200 -653 -457 318 -869 242 367 224 -931 -266 -616 699 687 799 804 801 907 -979 -203 -609 230 -218 555 -689 640 -325 44 -567 -757 -315 -969 545 257 558 548 -890 326 -516 -570 -21 263 310 -591 -712 -548 -248 378 756 933 21 37 -813 -182 -380 -710 -116 893 91 -214 -566 884 -49 166
290 581 856 564 -879 606 -644 -486 229 967 408 832 204 -673 693 -382 -523 328 502 -251 69 739 811 104 -703 153 -442 295 -920 230 -215 499 449 396 613 550 36 -868 502 -467 -433 778 -861 417 281 -375 981 699 -982 377 -937 767 -147 -905 967 -336 -945 -135 930 -226 -685 110 -474 2 -303 324 994 419 -802 -381 -798 803 944 -381 368 -236 776 -678 644 610 985 -190 758 266 -695 210 959 -321 -495 898 486 639 19 741 -492 -101 -842 464 -11 -847
-338 -13 -474 -352 -964 -516 212 -982 204 953 -864 -622 906 968 443 -893 199 -610 891 983 -136 328 248 -666 322 -766 542 -968 -427 540 995 -329 772 -566 772 128 131 -324 30 734 738 610 -883 950 802 155 -186 863 -519 430 672 -841 -316 7 -841 831 844 620 583 37 676 647 768 946 461 -828 31 572 -167 -327 -249 -240 434 -336 952 928 651 -892 29 -508 839 -826 309 -972 -271 906 -902 718 -176 -927 -975 121 -331 -251 -569 289 573 -140 -679 695
-549 775 403 -201 998 584 -50 220 -695 -61 797 -554 14 -518 -765 -831 -284 577 -361 -794 -582 209 -609 -258 868 596 598 691 258 809 961 307 156 338 504 477 -984 -821 722 -460 -910 47 2 118 374 -225 603 495 -153 -622 -905 -47 203 -718 -297 43 130 -252 -464 336 -366 -714 -99 856 324 -107 807 182 -505 485 -641 453 824 -807 -837 617 898 -70 -227 695 794 -300 773 599 -560 -31 881 -78 357 -441 1 -136 -746 574 -126 730 -770 800 -177 -909
-830 837 -468 -149 -643 514 -672 829 -352 -161 -1 362 -213 367 502 -629 244 977 -470 -127 650 359 422 -96 811 213 582 -862 -305 695 337 775 457 388 -846 -855 -977 -84 -717 142 592 -147 941 805 -255 209 484 417 -852 787 507 -443 122 -884 -100 183 -610 -799 -498 -19 699 876 -424 -222 -128 -873 -934 -321 -366 -47 -247 -137 -395 -365 381 67 458 95 -59 461 -940 887 -575 192 175 -440 -876 394 101 -463 -784 606 869 -968 -350 44 279 -227 871 76
906 -321 317 -491 -695 -386 217 -977 -380 391 423 795 237 -624 283 107 973 495 -180 -87 -986 32 -441 224 -241 -201 397 -419 499 988 834 236 310 -669 135 409 333 -457 -701 764 -705 627 -921 -229 -329 -944 -321 239 444 771 939 82 183 317 886 816 366 -816 -836 505 -394 368 -855 -876 -480 10 613 -112 446 -460 -190 524 -890 314 893 751 903 654 47 -828 -474 -474 593 -882 817 -517 -18 446 242 -13 873 124 -7 376 -298 -997 595 341 920 895
-218 269 638 -916 81 148 648 369 -44 458 401 558 875 352 -993 -199 652 -63 -394 614 356 -615 795 -463 -126 55 -350 197 -634 578 -242 -835 -490 -81 596 287 -235 -127 -7 558 892 896 -470 -508 801 -336 842 -171 945 -88 362 835 -444 420 721 774 727 837 -501 348 788 351 -593 -24 -393 157 -503 119 733 821 411 -78 397 212 -160 927 137 -76 -562 -379 -924 185 -451 -656 -803 689 1000 871 131 22 -87 -243 -176 620 -596 18 -467 811 525 832
-688 -405 660 -8 -322 -62 384 56 495 -358 -314 -886 708 382 -169 598 309 -181 -939 391 -740 -193 -710 805 -525 766 73 -197 401 -695 422 -667 -159 -368 216 933 -569 -897 391 813 -505 -581 805 -686 87 511 136 518 -545 -88 -131 918 408 183 443 -853 233 906 -434 -40 -43 -496 -525 -20 -276 -597 -490 -614 214 -404 512 377 165 354 -744 -896 142 699 920 -636 -958 -870 -248 -265 -500 538 283 -787 504 727 242 -844 647 454 237 656 -806 -981 -843 -630
983 452 159 -623 313 391 649 328 991 -194 -480 14 -858 123 871 -345 -18 -716 -986 -223 876 -824 400 -827 -207 -515 501 -128 -517 184 -852 953 -367 676 252 937 -809 280 755 420 -274 795 -629 915 -19 -962 545 602 -844 813 -4 -431 345 -63 -200 -168 24 312 625 415 -54 342 370 85 -975 387 -663 768 561 524 -913 230 863 -700 -181 -814 -118 -702 -14 -105 73 -728 -724 596 -217 -200 75 424 -634 270 -852 -869 936 -237 -483 -804 -738 -755 168 796
-461 159 99 -573 -190 426 -68 -746 165 -163 -593 713 34 837 90 -840 216 306 -138 -925 350 296 -940 -773 -744 400 769 839 870 609 600 -472 432 -449 -851 279 -985 944 275 460 -809 433 194 -407 -874 -410 -224 -556 837 -411 -252 -586 -329 -245 -907 925 -977 13 -292 882 497 776 -633 669 398 -959 -22 -480 385 394 -871 181 355 -937 546 -460 532 586 -835 189 -441 561 -840 85 294 790 -731 -752 -230 201 770 272 -351 -44 -871 491 -676 -804 316 462
-748 -726 -743 -722 -956 315 64 964 -495 676 860 -477 -918 -214 160 322 96 -802 868 672 -714 -189 -553 -724 784 937 826 592 -845 236 -942 762 538 463 445 -225 49 -400 -621 363 -36 773 -616 390 -449 -787 -987 959 848 -517 533 755 -987 -851 701 -494 914 -227 -418 335 -797 -320 -792 868 687 450 61 112 -115 -351 260 -108 -535 339 531 -426 929 651 -805 -592 -836 -207 -571 -516 573 875 -758 801 157 362 157 681 882 -388 6 76 -820 163 223 461
176 -975 -882 381 -698 -478 -165 245 285 -844 -576 67 128 -712 -118 250 -417 86 -246 662 640 -509 -531 389 -764 -479 -833 749 712 -694 -473 682 980 290 579 -964 -637 514 684 76 998 537 -319 -843 438 -967 -182 -731 103 693 -154 -21 758 -855 763 -448 -576 288 11 -553 84 591 -541 -465 735 432 -714 572 166 -753 -754 -358 -401 -829 444 972 200 -729 -43 -340 708 89 -574 291 -160 -810 379 747 -774 245 188 189 -402 938 619 -225 -429 -143 -245 -303
812 -529 -374 508 -944 -238 -636 -305 487 804 931 278 -90 -469 330 -20 382 695 -133 -77 763 899 674 -123 -768 -137 -765 -132 124 -39 262 -35 -941 539 -551 -93 -97 932 573 -890 531 827 -414 293 -750 -712 -878 16 5 -830 -549 -609 -89 746 67 461 -724 -826 -800 646 -232 968 -879 19 -875 -237 -384 -501 643 599 -726 948 923 -56 -237 -862 636 -82 -99 -525 -730 269 134 73 129 326 -377 75 -921 554 49 -117 -574 19 -178 870 104 156 -24 -758
738 -747 -228 362 201 -566 -261 -491 -739 272 -511 -461 761 183 459 -217 392 504 -573 -463 574 916 -409 -734 193 277 432 398 579 602 964 -758 -26 -976 -70 -658 -423 165 -553 465 118 -916 295 278 -963 -944 -584 915 588 292 -316 315 403 604 -86 72 198 -243 -811 333 -895 -420 183 912 956 218 -754 332 540 625 501 -510 451 714 -620 794 -303 -49 313 -899 -959 803 914 -971 -122 -44 -789 577 -913 50 -17 -522 371 -914 236 -87 403 781 -662 241
411 897 -6 -382 -942 -582 571 344 -570 -412 550 369 55 193 -820 -870 843 -652 548 796 41 57 -486 749 602 839 375 -165 -947 -487 330 524 -77 -561 538 -115 -631 -232 -201 -723 -60 -409 -663 -117 -417 -137 170 -935 -849 199 -888 -90 217 551 692 -635 -216 509 -188 960 -848 174 533 -794 -124 -165 641 -681 356 306 851 -498 -932 -868 -823 485 394 -607 471 773 904 -21 -978 -142 881 319 -222 919 493 -922 -999 -402 -81 -882 -510 -135 41 -408 919 -478
511 928 -958 180 -395 741 -434 777 860 516 383 582 -324 -852 957 -907 556 -458 524 968 -690 484 777 -536 -30 473 -250 -808 544 521 408 777 -413 -790 783 33 246 -111 -393 887 -426 -709 -819 -608 -42 231 604 -212 -301 -564 696 433 -20 200 285 91 -490 12 640 629 6 734 -455 903 626 351 -285 544 144 -629 832 -527 -666 915 -618 1000 750 -766 -870 449 805 938 720 380 283 826 -663 -603 -551 -560 -853 -540 -875 -564 114 333 168 297 808 -1
-465 -176 881 -257 737 -431 -712 -785 462 943 -388 792 -605 -670 -644 59 650 548 -387 -878 -715 424 171 787 962 -247 -798 904 -514 598 -961 -745 604 -797 -600 -723 -886 269 179 -279 -785 611 42 -232 -754 671 69 -637 -141 414 -700 -52 649 -569 994 -508 -932 -162 627 -937 -717 -288 737 -877 424 697 5 713 272 209 772 306 66 -785 -88 682 -959 264 -221 434 688 -244 -161 -676 -431 -351 -399 704 444 517 -483 628 -930 -118 351 655 781 605 -719 984
-955 -373 539 -689 974 918 870 537 -786 -26 -709 25 664 640 -666 970 436 12 -118 223 555 -34 -903 -656 -370 453 -464 -960 -94 -609 627 311 -991 -411 -674 53 -75 -296 -345 -204 594 -362 676 410 726 421 -571 222 -42 571 336 -555 -887 -225 409 233 -800 -260 675 438 914 690 -171 102 -155 -291 -112 -286 -338 -409 844 -778 -415 931 472 -204 558 481 823 -848 -632 -739 991 282 880 -942 797 -180 -254 -764 -263 1 -887 -551 818 -314 -520 -771 -253 -259
-32 -404 185 559 601 -628 187 377 674 -623 -33 -288 806 218 -504 -929 -890 -316 651 310 -902 -548 255 -179 19 379 -142 -360 347 769 -870 -327 -202 -392 534 -333 -440 -426 -897 -912 884 654 707 869 -696 -572 5 -764 121 669 -965 425 -541 607 319 -55 437 -430 -474 -941 659 -973 582 114 623 -783 837 -486 -777 151 -60 -623 643 -133 -801 -558 -419 404 -527 544 221 -623 356 -209 -126 -262 -281 555 -289 -514 918 224 390 822 218 -399 -695 839 -864 70
-941 101 792 790 385 -82 449 -171 841 -211 -714 -128 157 -368 160 567 -845 -90 922 -315 225 668 -256 -583 262 -770 -220 -171 -235 -740 -456 682 -633 -755 -808 -129 -526 -735 -67 -412 -72 995 739 83 -815 633 425 -717 263 -374 290 -489 141 181 -133 -333 501 -566 575 -887 -795 -47 429 -536 -191 -841 -367 -210 183 639 369 -157 -830 -478 -522 320 -21 440 -377 502 696 587 -595 -234 789 702 -841 -118 -347 70 -249 722 -251 -444 -729 301 -202 810 500 902
-434 -115 -20 915 -36 544 -747 -610 439 498 -286 -378 72 715 555 105 1000 -646 -610 725 -624 -617 -45 527 -960 -564 923 151 -958 719 -769 -480 857 97 821 437 -990 217 -3 218 66 -36 -204 -673 -927 -114 182 630 165 907 -755 -673 723 839 21 -535 638 486 -201 247 -312 473 -643 373 -103 -428 -181 95 -657 -501 133 92 -781 55 -896 -472 -205 41 -971 -41 -962 -751 586 -355 544 -683 -554 988 -323 -322 -215 -683 762 -432 51 857 -114 -785 369 -889
-813 467 -404 -607 -503 -460 -830 569 -515 -803 -843 -14 -668 778 -823 844 -170 -259 119 638 -212 -646 -543 -187 613 713 -258 926 566 98 349 201 610 281 -778 -616 49 446 814 650 645 291 -646 95 -314 384 -148 -349 -384 -668 -100 -538 805 -693 397 -905 -570 675 -422 347 499 -140 -328 -699 -146 -348 -733 374 -700 841 212 -521 -144 -951 975 41 750 955 852 -149 -451 -785 953 623 -15 960 577 -850 786 307 590 852 -713 176 -454 -152 -341 475 -781 97
-930 -827 318 -679 -902 645 -671 17 -810 -519 483 778 481 -890 -41 744 -418 806 -910 178 -815 123 -909 -994 -947 -215 292 436 133 856 -537 730 -653 3 850 874 349 963 -271 885 459 449 837 -748 -712 805 -553 293 307 530 468 -957 814 -148 -550 -239 -857 397 -700 -260 691 -818 -265 -261 369 -409 -22 -908 967 -238 -819 402 677 -708 966 -666 -959 922 -329 187 -829 -359 -473 -719 756 -284 -405 23 990 -618 -818 -312 -470 -572 115 667 667 -249 735 -513
26 204 -112 -336 -898 -446 475 904 -351 668 264 530 -728 -503 -358 214 259 64 356 138 235 697 -273 31 -394 413 551 435 -749 -82 537 -655 568 11 793 362 192 -771 -738 -283 935 125 302 38 847 -518 605 -59 795 -268 -370 -695 -62 55 183 988 450 -950 -39 366 -506 -758 324 349 -339 -360 -836 -516 336 -796 -763 -760 637 -577 825 549 -102 -111 -237 -470 -602 700 -167 -889 -424 -495 -285 -746 415 227 814 -841 92 -251 -277 -244 -380 -253 -447 674
353 -858 987 485 -26 -394 -453 931 7 -447 70 128 -301 59 -27 -530 -195 -745 297 373 734 798 982 711 718 321 934 294 -534 940 -49 225 394 869 -512 -193 -969 -177 469 -980 -607 343 952 -372 -847 -708 -828 -415 -718 640 -506 -35 788 1000 -414 -943 338 -788 -471 -117 -635 -90 663 385 288 365 165 254 -380 234 372 -616 -875 -442 762 276 550 -609 775 983 802 633 -889 -129 752 -80 814 785 75 299 -483 -81 931 126 557 636 -217 -720 383 -56
-250 -157 -206 482 -652 -943 500 253 915 498 166 919 -770 273 728 -327 -151 -405 538 -584 697 -77 -833 751 -64 -582 -99 -466 -420 431 347 -502 -760 -763 809 824 490 -83 472 948 26 606 944 458 143 -400 -226 236 -395 -33 -233 -581 -906 486 630 -793 -230 271 624 582 -126 37 685 400 456 443 685 707 -325 -599 781 -936 579 -59 370 966 476 836 877 -563 -124 38 -60 -710 156 673 747 775 -874 -589 -188 -978 -310 958 367 -814 -191 697 -605 811
825 952 -535 -749 -193 -973 237 605 -541 803 -562 -727 -443 -138 937 -733 -279 -340 586 -739 -645 -406 -900 332 372 -870 -619 -395 -942 409 798 -636 -950 -462 589 802 979 110 -257 55 -475 -744 735 -158 487 80 -402 -151 -458 805 640 514 786 -701 -940 181 -567 323 -449 -145 682 -626 -660 850 46 166 -860 -83 -117 -330 -503 -975 59 -101 159 -1 -810 333 711 988 929 397 829 -503 -147 -694 500 -745 746 107 353 978 -980 513 760 -997 824 -108 596 -177
930 134 774 912 -961 879 893 545 -774 10 -452 -522 -242 373 -924 857 403 -807 292 -526 742 -426 99 774 -284 854 704 -849 13 -116 424 449 348 -821 264 881 278 466 -242 -938 572 39 680 757 955 -802 -181 -593 0 -726 366 -287 684 -915 -580 -875 -665 -876 -672 514 -179 -910 985 881 -183 -991 -440 538 -128 792 498 11 775 -599 399 -489 -67 -491 901 360 407 518 -13 152 -72 594 -183 -776 543 155 91 -476 161 265 -526 228 -454 -26 328 744
-25 -982 282 586 657 345 -74 798 -834 -733 -520 535 -769 521 -577 -947 45 -6 406 965 928 770 496 -267 535 718 291 -474 -83 -11 -974 295 252 681 -892 722 -420 842 61 664 -674 -872 961 -720 -805 160 -636 981 -951 187 128 801 -470 770 546 -544 359 -396 45 413 -160 922 -620 -281 908 -533 707 -588 387 370 -128 -942 -872 -844 -339 778 337 -271 -492 447 -228 527 218 -490 -448 -745 -887 116 -100 -954 172 -234 -74 -328 169 381 367 58 760 364
4 93 -920 405 -446 -871 821 889 -993 -441 -155 -422 -829 835 -482 -588 429 -817 -222 -133 372 864 -992 -764 -283 -697 -685 400 -816 479 -678 -164 -994 -959 -860 364 14 484 351 873 63 310 -675 -133 -977 757 -406 297 461 844 75 -903 -491 469 -602 -365 -104 -658 878 713 969 -205 907 996 -123 950 320 480 902 661 -680 -381 442 -982 531 -85 -986 -891 -310 232 -951 -117 -340 215 -46 76 424 -288 417 -650 -787 303 -73 -107 750 1000 76 -861 -775 96
66 -840 161 352 792 -232 130 -523 515 391 -8 152 -27 -354 616 861 -770 307 291 861 -381 461 759 803 -747 -916 -283 -639 -511 -930 208 711 -989 -441 -870 577 -7 1 -939 467 561 607 126 730 -521 -9 682 -924 -534 -441 -554 -749 544 123 -930 251 571 570 927 -249 -348 -635 127 -264 433 -894 -709 304 -177 235 735 -647 -215 464 281 907 361 788 -391 -310 -697 -460 -437 882 853 769 -893 849 -430 -877 -249 266 -978 668 834 717 899 364 -598 629
308 -291 665 -284 438 -122 936 669 713 -377 410 -49 962 346 -214 112 768 -534 254 668 320 -115 708 19 809 -181 -209 179 514 303 885 498 453 -415 -11 -789 498 -350 437 414 227 -742 111 17 678 -451 320 677 435 -105 923 40 -849 -97 -359 -499 -703 935 716 909 -891 203 -190 592 -648 969 319 -709 -266 -409 939 -447 29 -308 -494 903 230 77 -622 -342 -706 -156 -548 -271 129 749 770 -854 -116 -581 -552 -101 -978 -868 722 245 -534 -336 -129 983
116 -785 400 892 708 533 125 159 191 0 892 -244 -240 444 245 142 554 -827 -393 -479 -740 -360 133 -389 -985 950 -969 -820 -349 456 211 -397 149 988 831 -25 -907 -510 -934 973 -202 -419 144 -245 -17 -202 -455 653 -291 -710 -214 -642 56 -861 761 684 -902 -622 -153 754 -407 869 719 -480 -290 -706 -634 -20 93 -983 481 172 833 56 602 -887 -721 639 -956 -254 -136 -804 -881 -776 -81 196 -769 -329 -121 544 -842 -754 68 430 665 146 379 -287 763 138
123 -768 -679 290 409 227 -51 -164 59 -648 943 -109 562 -15 -721 563 -619 -794 123 -164 -419 -816 -511 980 -340 705 -452 437 -550 -107 438 632 514 567 -409 -812 -56 -203 245 519 -556 777 623 -881 -936 -307 499 651 115 -179 -903 566 -950 -469 -807 775 799 -341 -412 656 -278 337 387 648 -153 47 783 -482 -217 35 882 5 -84 -992 383 -546 891 927 384 -543 907 -354 835 -634 467 874 648 -761 937 -221 -698 377 309 -422 -909 176 -14 -888 -733 973
-738 -795 -326 175 -294 -135 152 558 -708 837 346 828 -186 831 -792 982 -565 413 -919 960 708 94 203 -494 -762 -338 175 142 28 339 -182 948 904 -929 -995 -478 -602 77 -80 203 -248 -278 -684 -411 -320 799 50 -429 653 -152 5 -125 -858 -969 83 -578 -621 865 -544 712 -751 913 -323 -952 674 -276 35 -83 524 -417 -641 949 342 912 -65 702 -509 993 437 -779 11 -536 -486 979 87 973 811 -903 -659 -193 -775 -179 -287 -539 930 503 241 823 -814 748
571 -975 911 -185 629 602 -584 -551 -7 -982 -933 122 -530 402 -837 390 490 -570 543 712 -195 -832 -221 -426 -682 -972 426 74 862 528 266 -119 -553 957 446 -892 999 -772 -681 201 -731 -172 433 -690 18 837 44 -898 654 -629 924 491 -421 -124 350 -18 766 498 862 279 -100 -73 23 -211 -655 625 -354 -223 -486 870 520 -690 960 -955 77 -274 808 -385 696 -241 -619 -79 678 -476 957 -989 108 -78 228 578 -873 -410 330 -338 181 -709 221 -651 478 -735
-677 678 176 326 101 51 -218 -345 -652 -435 -67 -538 -609 -846 467 877 294 645 377 -455 875 -551 -107 -782 95 -992 448 401 669 916 745 -500 -722 416 -97 -788 988 -572 954 -539 41 809 -316 158 -952 67 225 -516 493 70 -189 -739 517 674 -263 -986 532 789 891 153 -142 -24 -870 113 -393 127 -159 462 -658 -124 -95 -582 119 324 825 -613 -962 -99 629 922 -871 557 -331 -324 316 992 547 -716 626 -894 409 -203 -941 -231 748 -88 -560 473 311 510
420 364 -934 -957 -683 250 -634 -70 911 -187 -988 -833 104 226 -387 -284 332 -532 350 109 -800 238 -289 -528 464 665 607 96 505 792 97 45 -417 995 897 76 -91 75 814 -407 221 -514 -382 423 511 901 -100 -209 705 721 -249 603 -565 835 -326 355 -501 578 -300 -263 -977 503 979 60 -184 -188 -304 195 -677 145 -919 732 945 -494 315 -426 -238 -500 -10 -800 840 637 -446 883 225 -899 289 517 875 315 331 -53 287 -494 521 811 603 -714 -178 -435
796 561 537 -687 984 -757 447 -967 89 -341 967 -189 303 -72 48 139 -468 -974 -619 -315 -454 356 -417 -429 198 -75 453 770 888 -335 -352 378 -663 1 -135 -351 567 870 630 -212 426 750 634 568 -776 -470 -456 226 725 -60 -871 -712 326 -156 -364 -803 651 -75 -818 -580 -73 824 880 -366 248 -985 213 106 573 -995 34 -755 -55 891 198 -809 553 -78 -145 395 393 938 -32 -78 184 -741 48 -698 104 -942 156 447 -634 272 -926 -487 -171 393 214 -277
675 474 252 624 -700 258 -475 386 -540 33 122 -543 363 287 434 -530 983 898 -512 -403 -354 934 -475 -510 -967 -133 -122 -135 72 594 -273 -687 155 937 897 -26 -718 -212 808 -416 -745 240 465 460 559 834 776 939 216 -130 -931 -442 789 -827 -324 295 318 186 59 917 -949 982 720 781 -178 474 974 900 -444 991 17 -907 -95 641 500 313 315 -777 347 -127 -599 -199 -134 119 779 337 611 211 827 -55 -760 -299 -73 -897 -300 288 209 -791 296 17
-473 -192 578 -884 414 -360 -728 629 47 453 212 265 3 -338 754 716 -791 948 384 -764 954 -941 -398 47 579 855 -752 -983 312 -96 876 -740 316 -546 712 348 252 -481 765 712 -664 -475 -88 802 -115 -624 -190 959 579 -959 176 -109 -335 573 -417 236 639 -315 -104 3 879 509 -101 -332 177 451 525 -449 262 385 -804 -988 954 270 -302 -811 588 -604 304 630 -311 -335 67 -606 -154 -230 -32 849 -807 791 -337 197 81 781 -958 780 -221 348 -57 -898
56 225 -494 584 -676 -122 678 960 -245 458 55 700 -186 -273 -578 752 31 826 30 -478 572 176 -35 -198 -376 379 164 148 -974 417 868 311 9 966 375 635 919 827 -420 88 76 219 762 -328 -379 -146 786 658 -480 -875 353 674 -550 762 406 -138 730 504 -878 -474 766 457 -445 516 -499 262 36 -714 529 -724 129 -977 -136 -874 -331 -912 -316 -518 -817 -430 66 447 -530 -465 32 95 -348 -578 -784 700 406 559 609 -695 -139 -615 103 -522 529 -963
-519 -641 -873 -385 -201 -63 -632 418 -201 -312 -586 -351 -747 -92 -153 995 296 320 -331 258 -925 764 -430 -935 38 -880 -595 -54 549 333 -397 -393 164 -775 387 -694 50 127 -95 489 803 -748 183 18 366 934 106 -176 -943 -227 -323 325 589 693 -650 -337 943 191 615 669 -191 -72 -411 644 72 -181 670 93 -172 259 -833 -764 757 -611 -956 -834 195 256 -800 482 213 -8 847 491 -654 -10 -127 -549 -411 217 -126 5 188 628 -299 136 -877 -656 30 -235
176 697 -102 224 -906 97 -521 -878 523 558 282 -368 -611 -340 557 173 910 -786 996 4 -752 241 -405 -988 -495 -924 -401 -894 -867 801 -119 -671 935 -511 856 -916 865 722 514 253 -444 -612 -839 -807 379 -645 -424 -429 -740 -391 757 -407 -110 -423 257 -524 -95 460 444 -473 826 427 638 609 -580 690 590 -994 -110 -837 476 67 66 109 918 -979 -487 468 748 439 -970 745 -653 -569 431 -106 -733 446 294 -874 892 937 959 -776 -267 -679 -59 622 -467 849
835 896 25 598 722 -925 874 824 489 -923 917 387 507 -764 406 -362 566 -81 275 619 115 -292 742 -692 -559 85 160 982 -395 310 987 287 382 -324 -300 981 -355 716 425 -107 -953 699 287 -310 -13 782 -729 -367 390 181 -26 -441 -510 -49 114 787 531 -490 -554 -253 -434 612 332 -835 660 -175 524 808 166 757 -109 -32 -903 665 519 956 -998 -54 -266 651 -296 342 183 811 56 746 -373 597 852 -676 -68 -489 -945 -603 -781 362 601 -680 -305 53
-841 -736 -80 -354 -282 -33 603 -389 785 761 375 902 -673 -159 463 768 -179 -399 693 -862 -506 -828 -234 61 328 511 999 -461 324 583 284 -59 -335 543 -696 92 -438 -294 105 106 201 822 -253 481 730 -762 823 -678 943 -535 124 -767 545 -887 267 -124 -892 184 6 -329 -303 -123 169 -4 -334 294 -504 -331 373 643 331 -716 -399 -980 -770 -155 -376 -361 547 -372 -146 -397 9 -703 -609 78 -148 104 406 662 691 829 -458 223 -801 79 -797 -458 -633 -55
188 -751 561 -191 -682 -176 344 -619 -459 604 173 -719 -722 383 746 394 794 -838 -439 33 232 98 -51 -647 690 -179 758 116 62 484 353 303 -658 -422 -421 -340 681 -210 388 -754 9 -132 503 777 -239 -625 228 -935 -685 -605 -918 68 551 596 -279 383 375 -469 -900 251 226 -284 380 233 -26 -541 544 227 -105 -621 -981 705 -858 355 -124 812 -592 -987 175 -784 -250 983 -898 -506 407 21 -897 523 211 924 -507 -289 459 131 955 -761 138 39 -454 142
451 -642 146 503 160 434 189 2 -593 -93 669 -211 581 831 414 -743 -244 462 -783 -399 265 854 662 828 564 8 -514 195 932 0 656 -949 501 -994 141 848 -496 -557 -270 -760 -618 -535 74 670 41 -118 -231 909 870 -527 833 -480 870 -222 -951 95 557 917 -478 -359 161 114 -276 1 -18 -600 -809 -57 439 435 -171 26 489 -257 -447 -937 528 -728 782 631 706 -72 569 969 174 61 -203 -983 -390 -659 865 -684 755 0 -830 820 199 -561 391 -972
-584 537 -53 -394 162 107 -609 832 -432 539 327 -157 534 819 787 558 -80 -714 469 -481 476 -454 -932 524 597 754 -875 -645 -732 -95 -150 -873 -163 -904 927 -761 -335 141 56 -489 -290 804 -32 -416 -427 901 618 -945 859 -161 -977 -902 -149 -449 -33 -917 882 -309 988 250 15 -23 -814 31 533 -760 864 532 456 681 -188 221 -171 193 887 293 -910 -134 -507 5 517 210 472 994 -588 70 18 -518 468 -918 904 90 309 5 386 -632 -862 -92 27 549
879 621 -861 607 314 943 316 -65 -160 388 -796 994 -832 -977 169 666 -242 -516 129 8 -595 -346 450 948 553 -513 419 740 -468 365 872 -603 -892 989 799 436 -170 -422 19 555 210 -93 720 657 310 640 507 582 403 -568 -794 -998 750 386 -445 -459 796 -39 -202 -763 -608 -773 158 721 732 -441 247 988 -721 693 -559 -546 -132 354 305 -508 129 82 -343 748 817 893 224 368 -23 362 -404 -833 -447 -245 -139 575 565 142 365 500 908 456 -282 -95
543 83 110 344 722 790 372 415 192 142 -531 -723 832 -920 74 351 571 798 596 -974 -266 403 728 -323 -799 -598 -893 -689 674 287 669 590 -958 666 -399 703 -291 855 -602 602 -997 953 856 -432 255 -841 585 87 210 10 155 31 -353 232 112 -919 -735 -691 336 739 496 497 -232 -416 -394 935 -907 -942 114 -32 770 996 -240 728 759 -620 412 211 637 652 569 366 -210 673 -994 629 -813 81 -49 -348 -254 125 -4 864 337 914 -689 -152 -163 541
-831 -105 39 910 764 291 -510 -58 -162 745 779 519 -234 -162 916 -568 -492 251 713 670 -131 477 640 -637 174 -735 452 -88 -998 860 -632 -433 -67 460 235 -409 -372 260 577 -454 -611 602 374 686 -28 -462 -134 -279 -64 -68 -85 323 -71 447 153 526 98 447 -827 -502 396 816 287 -972 -522 -970 133 -285 -408 -429 -635 -720 -596 -449 966 757 -465 546 279 583 795 419 532 589 534 -449 732 470 122 -682 60 -998 -279 -865 -588 207 -209 581 372 570
-486 -583 -815 -808 -831 -647 -876 -609 -570 166 -265 843 -46 972 6 -410 639 213 635 -953 -492 -885 801 170 946 -111 292 149 710 860 103 -610 -650 533 934 -927 814 294 -870 716 236 -323 -560 568 862 506 -929 536 902 -705 -118 -159 964 791 -997 -230 225 -316 -208 -649 465 240 -281 -990 -12 920 -170 -324 10 -634 -831 -911 -573 -406 660 682 -913 -326 -391 89 133 457 740 -778 7 892 719 783 931 370 -495 701 180 -946 617 -419 -194 -486 -542 231
910 -579 136 256 -353 317 -202 -110 -387 18 -524 -547 243 -311 -3 319 -594 549 321 329 511 572 664 738 237 -426 870 866 503 67 -209 -570 -221 715 227 76 -758 371 10 -813 -121 -530 243 -41 87 648 -72 317 -816 246 -438 -74 706 876 -873 -606 -256 -784 -696 -394 347 814 -38 -535 871 271 675 -605 -466 -637 -850 -987 897 -841 446 688 386 747 407 -855 -793 526 419 64 -198 330 545 917 926 -793 591 120 632 550 -661 -264 -571 643 362 -868
-399 992 -836 584 -250 -721 595 -102 792 412 -992 44 382 -352 494 -664 796 -86 661 337 -470 -499 445 -941 475 -36 -788 615 -900 -194 136 27 -430 -318 594 164 924 6 -83 260 -618 549 53 523 -344 151 965 358 -161 -434 389 65 -51 471 -318 621 -573 862 175 854 500 581 -151 330 593 -538 -385 -638 -103 -117 -3 97 -580 -326 -689 -774 -532 -107 804 -340 401 -807 406 698 156 976 -239 545 -107 475 284 133 975 357 -44 294 -114 401 -483 -190
-612 -770 -653 -460 914 -642 249 -414 194 748 667 -317 286 -602 333 857 -516 -654 157 997 -215 163 195 396 816 -30 -54 -825 -753 17 754 -220 630 -985 881 -397 -716 8 630 -501 249 -4 804 435 -82 -297 574 754 879 -371 -105 -405 526 964 52 668 456 872 -676 -117 -5 -745 -963 -13 942 -906 -562 -25 -625 -180 665 -660 -707 876 340 229 647 671 844 426 185 236 -708 -854 -458 729 388 416 -228 -675 789 359 -230 533 -736 -824 971 985 358 -588
-556 16 -971 -563 680 368 -771 -120 -123 -862 -453 -432 215 578 757 952 -249 143 106 -596 -618 -167 125 -9 -2 -511 -598 343 54 822 584 514 634 -892 303 233 643 -960 90 -820 460 -818 -438 527 726 993 182 -576 373 -345 917 -872 528 536 -626 581 -36 198 -659 857 748 727 -364 -272 603 231 -852 -513 -872 217 451 -940 193 -68 -362 -360 -937 -715 -445 -801 808 959 294 -534 639 -500 -510 -114 974 -714 -281 -472 -6 735 -386 -127 885 473 498 818
637 595 422 -530 -175 -476 756 919 552 -602 -203 944 -338 -623 815 -575 526 -904 782 493 -28 789 -241 -210 725 -159 221 644 922 470 -492 43 562 900 -22 -481 -843 972 -654 -386 -684 -492 -953 -928 -69 -396 865 547 899 756 -61 492 -5 -739 -250 -974 20 -620 903 -594 -61 -676 70 286 743 209 -108 -482 -254 -188 -818 575 -975 -450 -574 -380 265 779 -614 -226 -931 283 642 918 337 -619 -300 -965 -811 -900 -994 802 915 -975 8 173 225 795 391 949
-349 478 306 -448 -872 816 487 -420 314 150 748 226 545 693 -517 -403 -175 -827 423 -870 -483 -781 596 -871 906 -565 -692 602 190 588 326 -680 599 722 -554 -665 561 432 -213 -887 432 201 354 -668 990 393 -261 -724 -356 -397 -471 -509 -956 845 -224 869 252 849 133 632 773 -210 -580 -212 -242 761 -598 -637 -231 -667 -833 631 555 275 -4 -195 -300 -566 725 886 39 -181 221 -64 974 -807 -837 608 -386 -827 -130 929 185 -322 -149 -736 535 301 521 906
-964 -603 965 664 -308 -971 -212 681 484 -894 -517 28 177 874 -542 -457 692 525 -28 116 66 -764 -2 -258 -834 -658 757 75 700 -864 44 716 -857 -984 291 -808 -792 -758 957 27 -588 -723 779 -428 646 469 -161 638 982 -637 -247 249 -499 -868 515 668 -28 338 -298 751 -26 -999 -579 -61 708 -807 -818 620 441 754 616 803 -710 402 361 -50 -236 -104 -4 146 605 158 -344 -231 219 -258 236 779 -691 227 578 -25 106 664 5 -100 -480 567 462 -960
181 -951 915 539 -738 -756 -4 349 95 71 -66 -723 553 -513 805 -544 -417 -70 263 621 80 379 432 304 153 -428 533 -413 465 -181 -862 786 255 455 223 -316 -916 85 173 534 -953 426 -542 -494 -813 -542 636 50 -390 725 504 351 -633 494 926 278 -58 -634 274 -29 651 949 58 329 -881 786 -456 -552 787 94 -149 110 349 230 170 -335 899 78 -491 461 -540 -362 -157 -922 628 -949 -221 -265 -326 571 -245 646 839 -785 -717 818 -103 -700 499 418
-334 -736 -566 744 18 -273 558 723 -53 -454 390 313 619 199 117 -536 431 668 -94 583 632 -344 716 974 752 640 -526 -810 935 377 -234 -225 -612 -101 -981 -799 -462 764 319 -628 -536 -549 -56 -644 -542 948 -49 226 -959 -490 -840 -341 -797 -272 302 -413 108 -557 -634 -942 -126 -701 368 -749 -77 102 -901 -452 385 -102 -375 204 546 -114 733 -273 858 988 622 -917 -272 -217 668 -745 -949 958 -108 164 -19 174 23 8 51 -741 264 -295 -95 501 -853 -572
-559 -901 776 -605 -799 285 -929 722 818 -743 -854 -682 181 197 -156 -549 909 386 613 745 893 -645 512 -589 -36 640 886 468 255 -43 -956 431 -312 -775 63 -175 -6 -858 -189 -641 783 -63 430 754 -741 681 -798 -477 -306 638 484 -287 394 4 -567 789 916 944 448 -943 710 877 840 -533 478 -326 -496 151 -470 -686 -662 -85 -360 -381 175 -438 930 -976 -242 225 -60 -321 -534 -313 -378 938 247 -764 566 630 289 -421 932 355 884 764 -681 866 13 660
-744 725 -432 43 -204 691 623 -19 -884 -70 -804 -907 -16 -928 -170 589 -348 -518 -366 501 376 -65 -615 -319 234 688 -320 674 246 560 -416 -146 -803 217 -554 163 -852 464 -929 487 996 -113 64 -680 550 -374 606 -995 -229 -581 569 11 -730 -95 -856 -715 372 -838 25 -148 -328 -681 -133 241 133 290 118 839 3 -785 860 -152 967 202 -134 -224 404 740 112 -244 344 489 524 -681 69 96 -600 -657 507 774 785 -385 -778 -592 -70 -93 -763 57 -492 -220
-411 215 -287 498 -389 -8 -740 -92 589 -246 618 -744 -306 -37 -607 5 743 312 127 -200 -431 642 -197 -812 364 119 314 640 131 -292 364 -84 -438 793 393 -955 -416 -659 533 940 994 -180 525 -208 486 -492 -542 752 467 -207 995 972 523 -400 -514 826 718 -569 840 140 -763 148 721 972 -235 603 -321 -82 -116 885 991 480 -920 -806 -580 -917 -847 -16 428 -881 -40 125 287 -895 -717 876 -643 98 158 -346 -780 -911 -971 -483 821 917 564 -477 973 -28
-474 -741 -107 835 691 -272 -689 -791 -867 -37 -685 822 676 760 -612 -537 -601 -288 207 495 -819 -845 -870 -173 -935 616 -239 -210 -149 908 672 565 -775 850 128 606 -30 803 -927 400 -928 36 954 541 527 459 -999 864 704 -837 -860 -841 -703 -280 -728 -616 271 -34 -946 -819 353 648 830 669 902 127 -554 -185 96 846 -335 709 403 -524 -457 155 629 655 -884 -917 -911 378 809 101 -685 -925 -687 -29 -736 -968 716 877 -591 652 -345 -469 -45 68 -369 2
680 -3 155 372 -236 -213 504 415 -741 296 699 -221 832 104 -987 805 556 -656 601 -128 -222 -76 -695 345 12 -420 593 -917 -845 -396 474 -592 -625 39 -84 -486 67 187 3 -446 -707 937 704 -194 487 -514 -429 -759 520 -667 436 -191 -472 -353 -362 -939 755 -620 765 -349 745 263 264 31 -784 750 -971 -14 798 -1 549 -588 -70 585 965 90 413 -855 100 -311 -873 -474 250 521 -399 347 -390 -685 668 191 57 786 201 -433 -147 609 338 882 123 -989
-154 759 -993 885 728 81 512 483 695 -590 -294 -705 237 590 -980 778 890 457 190 -880 -419 927 -551 856 -489 -961 -240 -404 -532 411 726 867 -101 319 46 726 40 402 822 -624 151 -413 954 -209 717 -87 -744 -647 476 -215 23 884 193 318 -780 -778 812 -937 -862 106 568 331 939 32 697 -29 -618 -56 -601 280 -145 -713 891 -974 65 -349 800 391 66 -549 -330 575 -480 -854 579 -146 -128 -486 801 966 -384 -457 -773 631 -651 -254 700 701 -704 -898
431 241 237 38 761 151 185 77 -889 -4 279 -950 -603 -632 780 940 812 262 -846 242 -888 -707 -956 957 686 -313 156 -253 413 -453 -750 -447 -133 525 283 -819 -290 -550 -390 311 66 -574 -327 148 -401 -100 433 142 628 269 528 -277 527 935 472 153 734 951 -16 868 -3 -33 -17 673 -836 -837 -390 415 -182 93 157 103 -602 -475 51 138 13 486 781 151 -624 -51 -731 -760 643 -935 -208 951 799 225 -650 -56 92 -352 -585 -206 -219 -625 -228 873
28 416 256 235 163 -318 -717 799 -990 -256 240 -576 937 441 -302 665 -351 893 -401 -370 539 -649 704 -345 -263 373 520 -896 987 180 245 886 -220 -349 -552 811 614 393 -306 579 -685 -961 620 -419 346 221 998 -680 -545 732 35 -407 871 829 662 -492 -989 -204 -330 -569 385 751 -961 -793 94 855 967 184 345 591 269 -833 599 -919 -158 218 -43 6 -817 436 701 -191 -118 117 -672 432 -42 -570 -912 -814 -652 563 163 994 -719 -490 212 431 815 287
-548 692 175 -41 -176 982 409 -312 505 244 -38 -881 -506 2 -898 -485 96 -498 -29 -474 26 -729 576 -813 75 -260 94 -552 -986 865 57 -250 343 -593 -377 -933 12 932 -591 -955 863 888 64 -333 -862 -915 225 -829 -901 -501 -340 975 828 -116 658 -478 299 -798 -613 866 -721 254 530 -147 805 634 -911 255 -510 -6 -456 462 -527 899 -126 -741 -948 -446 -175 -498 -717 626 -604 835 -659 795 251 -48 767 896 -684 879 -21 800 -508 -796 888 -853 215 -125
79 812 67 -241 -22 -225 280 -478 425 -279 381 -621 340 -454 -974 -625 -611 164 -643 -690 377 420 102 755 854 981 818 -807 -409 -513 508 -266 70 -982 -522 -671 594 948 -669 -917 -241 306 -654 589 279 389 944 371 -598 678 416 -373 -386 576 -556 -483 -452 760 -711 -847 -547 -78 167 422 -432 893 -621 -436 371 -669 -544 -75 784 -46 -584 180 90 -841 83 715 101 -200 643 -999 670 -256 -484 -60 -311 293 365 483 -369 -602 84 790 392 -551 505 570
282 -902 848 -116 -307 835 726 46 -791 -568 462 532 172 212 159 -704 933 -875 913 174 823 -62 -678 327 -693 941 693 943 -750 -169 -446 349 47 934 -298 -361 -167 -991 731 848 -261 -567 66 -352 698 170 686 154 -56 252 -471 -531 356 -681 552 -120 -583 420 -653 904 -17 771 -561 790 103 -689 533 -192 278 496 -418 664 -329 -89 -465 669 407 -206 -220 -548 981 671 -203 -46 -57 727 -414 59 -14 -246 626 675 -532 -628 -181 759 -856 -669 194 -493
-610 -853 -400 -129 -805 -101 184 -99 722 821 945 946 -154 -728 818 -637 -666 -795 356 437 -601 -650 745 906 -517 -921 -62 121 -8 -564 -83 -102 -878 -427 386 -211 298 349 -846 -345 -134 795 423 105 710 246 -863 -680 677 -266 -348 598 92 -8 975 941 23 -617 784 83 -545 413 254 312 -349 762 497 799 139 726 -868 286 -172 442 577 -922 -352 160 -427 -759 -13 -942 80 -784 -8 507 1 367 805 -750 -289 101 -162 894 471 780 -153 933 -362 180
613 -207 -984 -609 -23 -901 677 -53 148 -674 -12 226 -315 -438 16 193 -386 276 299 907 -307 575 683 379 -235 -267 -416 -314 -307 -406 101 467 762 -592 -643 -154 903 -565 -885 -778 241 483 -291 -766 -115 -907 -671 399 414 -883 -952 213 376 1 977 996 -894 -780 -924 274 -509 -262 -135 286 538 888 200 427 334 604 -105 652 -826 210 -889 -441 115 -198 306 -697 -783 579 532 602 -352 923 -558 260 -331 -734 -487 -374 344 133 -570 446 93 302 834 588
101 976 223 917 412 -890 -931 485 -769 896 -540 -640 -609 72 -540 -133 -713 350 -639 -375 -141 -127 757 -499 586 120 663 -799 333 856 46 -727 -364 -448 -524 -70 925 -925 61 -498 -336 -602 817 -398 202 168 895 582 -622 -658 -116 -697 881 885 69 783 598 918 779 -469 638 618 956 413 -672 974 635 78 407 -611 426 895 918 854 43 -872 501 328 -981 -399 -892 -108 729 161 -258 -496 -327 -129 -643 272 817 905 914 -510 -60 -722 -968 -469 39 -271
9 -688 -693 -76 635 94 -858 555 -330 428 -368 282 789 -569 -515 -112 -770 695 957 85 795 193 890 664 390 147 892 440 -27 672 -354 322 291 -955 427 -951 -51 832 -414 -831 386 -438 -368 263 -426 -337 231 590 382 -985 140 633 -172 224 361 957 -900 -88 -635 -466 786 463 84 753 -880 -237 -521 964 599 273 -169 9 648 692 -976 -731 -713 435 306 -486 -662 590 -333 -257 -978 -754 463 -325 677 637 -60 303 537 -701 -964 693 -428 116 370 -12
-288 211 623 182 -494 987 -957 230 125 -369 -180 -137 -239 -142 105 452 -733 -107 -862 -310 440 -50 288 952 -926 415 -784 427 -998 -283 -472 167 397 347 355 704 -695 -664 625 -750 -41 -556 254 730 116 -528 933 26 441 -821 802 -871 -365 -325 -12 377 -211 842 162 475 -527 737 -189 -13 -427 440 -532 -711 -707 964 -233 -477 505 -468 -391 -53 798 501 653 -302 -450 114 -118 551 640 128 -674 237 -808 1 318 -615 749 -320 929 17 -644 204 -866 -714
-666 -234 378 -122 259 -540 -37 875 -828 584 225 112 105 -317 -787 -370 511 -478 799 -835 -753 426 28 -226 -231 -746 646 -748 884 -662 74 12 871 126 181 -87 260 -567 158 243 -161 214 -448 -118 131 -734 -959 -317 377 -824 -124 776 -301 41 687 -940 -357 -771 504 -116 -330 -489 751 960 851 -660 865 435 533 -14 306 521 -510 -276 73 -765 844 710 -194 471 -611 -951 219 -830 324 -320 44 -440 64 -447 889 906 593 234 260 -282 -256 -468 960 -193
531 563 228 -201 -468 205 -232 575 837 -213 510 -585 711 -840 -120 -90 -119 -537 -881 855 791 253 -390 -610 -556 -681 524 312 -842 -976 -777 784 -222 223 -358 628 -228 267 -150 -892 -666 860 -243 27 -663 -867 330 -509 -108 -664 -753 982 601 450 442 937 115 188 79 -270 873 232 -356 620 -11 -676 -380 -107 -284 483 567 434 668 -730 -125 915 -474 -89 876 -193 -785 -257 -740 -77 -658 -780 904 -339 948 -420 -944 -95 550 -782 -249 503 -287 462 394 552
168 980 418 188 927 564 -248 224 402 506 217 -583 429 -643 -584 -904 -112 -158 -426 -464 -157 -399 910 537 -912 588 248 564 -291 -742 295 -86 -593 192 -958 -569 -346 -643 30 570 864 26 801 451 -31 -908 -282 -503 524 -56 194 422 -132 -737 -673 623 -110 753 -41 -18 518 -287 638 -711 531 967 -818 204 897 -424 459 -762 806 -24 765 -937 36 586 969 837 926 -243 -606 87 -331 -412 672 570 473 -466 -707 -807 -111 850 133 26 965 364 -771 -525
-34 496 4 34 -908 192 546 973 -263 -95 973 435 -383 -224 896 -304 -593 -913 382 540 560 -422 -279 101 108 382 -162 570 167 719 723 -253 -947 -745 95 -589 -362 968 -354 -828 -452 257 -267 196 -716 155 -237 114 -200 334 -127 185 189 168 916 -481 761 577 135 -405 -751 405 -500 -405 503 -806 -605 273 -493 -192 -708 -375 -556 263 -250 977 87 488 281 238 148 -772 522 -113 398 264 -309 -397 -967 -121 254 808 575 -916 -622 953 -462 -209 -978 626
-892 -509 128 -773 -398 -542 205 244 325 716 291 490 -312 675 -793 -208 257 -279 -505 594 -663 197 -645 700 140 -257 -820 47 -179 -204 -533 125 -191 329 960 -670 284 -930 -25 975 278 225 622 -654 -292 697 616 -735 -818 -274 898 948 218 -424 914 -298 -355 462 573 -340 754 -699 650 -838 -426 -25 -624 -795 687 -321 256 -158 712 -506 -379 920 879 876 542 -621 16 -720 -269 56 -609 320 155 -251 -793 747 -341 -444 -961 657 97 84 44 -339 416 67
-201 395 -547 -656 -415 420 501 134 224 441 372 681 86 5 -756 -210 -373 172 371 522 507 330 -731 42 514 -963 -205 -949 -987 -248 -771 -641 955 -973 -929 -149 783 -246 -709 -290 239 160 -980 -996 -630 292 -79 -138 988 -743 -965 -999 -357 103 -254 482 -32 699 -28 -684 -634 -137 -871 -227 365 -279 -801 -622 -514 -490 -280 760 645 275 -446 -561 733 -567 -12 919 402 907 882 428 -33 988 480 -830 -920 -814 -808 282 -338 460 819 -658 136 485 -439 47
-676 381 77 -428 618 538 305 856 -145 -559 -399 -510 288 -341 122 567 530 -542 502 611 651 -230 -556 152 -806 -432 -289 -607 -987 21 643 -288 730 -197 -387 -141 20 154 540 575 68 -865 -769 69 -580 741 710 587 -606 -308 54 899 -905 -396 392 -122 -452 896 -757 -98 930 -982 -999 138 -678 -376 552 925 -841 139 83 -404 -444 500 -18 353 -103 68 6 -53 847 -111 -322 15 996 -968 -74 222 397 182 -620 -953 -290 -59 -161 164 566 793 34 -838
206 -496 -515 -684 -721 218 -607 -967 705 809 848 -389 618 702 -571 504 995 -782 381 928 -625 174 427 325 -967 53 588 860 259 -398 21 -233 -561 390 461 -640 -521 -816 -897 -410 -375 994 -483 -453 287 -215 605 767 -408 -85 569 -436 -933 -759 -339 900 680 647 -619 -986 -655 482 301 692 27 -373 -505 622 -562 -797 -572 -965 -600 358 -153 350 631 -968 -500 -769 -82 617 -122 240 -31 -377 -799 935 246 457 -601 -654 42 -521 -895 -685 -442 348 -524 115
-542 531 -61 992 462 300 481 96 439 -297 519 -204 829 934 -235 879 -562 -327 208 248 511 -722 952 959 -513 120 502 557 867 282 529 972 886 -324 -354 60 -883 463 17 -327 -107 -562 102 -881 -50 948 -991 -215 346 -565 -643 -333 -363 -820 0 -988 936 -780 -796 -315 629 229 -798 -222 -201 437 993 -530 635 561 844 -819 199 -107 -397 -323 -335 13 261 52 879 326 -199 122 -210 -230 323 -532 896 -657 719 -110 299 670 -992 -20 -640 -353 581 203
390 571 -764 -857 -486 -380 -312 141 909 -223 -943 -850 4 403 276 -16 585 -803 709 911 145 924 359 -570 601 948 102 -503 -725 -348 -837 569 41 154 391 -8 -331 -324 -949 776 -563 -712 937 -559 410 920 325 623 -783 167 322 -718 374 914 867 763 534 830 -297 -66 -749 978 -253 -546 352 -48 -967 573 -620 -648 149 641 -100 -25 959 920 -55 -992 720 930 266 69 -195 -460 -716 495 524 921 -174 -399 222 167 -73 67 -96 873 -667 953 -99 943